
Music: 7 Years
            
Intro: 17 seconds
            

'beats': [ 492  514  536  558  579  601  623  644  666  687  708  731  752  773
  796  818  839  860  879  902  924  945  967  989 1012 1033 1054 1075
 1096 1117 1140 1161 1182 1204 1226 1247 1268 1290 1312 1333 1355 1377
 1398 1420 1441 1464 1486 1506 1527 1549 1571 1593 1614 1635 1656 1677
 1693 1713 1735 1757 1778 1799 1820 1841 1863 1885 1905 1929 1955 1980
 2001 2023 2044 2066 2088 2110 2131 2153 2174 2195 2217 2239 2260 2282
 2303 2323 2346 2367 2388 2410 2432 2454 2475 2497 2518 2539 2560 2582
 2604 2625 2647 2669 2691 2712 2733 2754 2775 2798 2820 2841 2862 2882
 2905 2927 2948 2970 2991 3013 3034 3056 3077 3099 3120 3143 3164 3185
 3206 3228 3250 3272 3293 3315 3336 3358 3379 3401 3422 3443 3465 3487
 3509 3530 3551 3573 3594 3616 3637 3659 3680 3702 3723 3745 3766 3788
 3809 3832 3853 3875 3896 3917 3939 3960 3982 4003 4025 4047 4068 4090
 4111 4133 4154 4176 4194 4212 4233 4254 4275 4297 4319 4341 4362 4383
 4405 4427 4449 4470 4491 4513 4534 4555 4577 4599 4621 4641 4663 4686
 4706 4728 4749 4772 4792 4815 4841 4865 4887 4908 4929 4951 4972 4994
 5016 5037 5058 5080 5101 5123 5144 5167 5188 5210 5231 5252 5274 5296
 5317 5338 5360 5382 5403 5425 5446 5468 5489 5510 5531 5554 5576 5597
 5618 5641 5661 5682 5705 5729 5749 5770 5791 5813 5835 5856 5878 5900
 5921 5942 5964 5987 6008 6028 6049 6070 6092 6114 6135 6157 6178 6200
 6221 6243 6265 6287 6308 6329 6350 6372 6393 6415 6434 6452 6471 6493
 6514 6534 6554 6577 6599 6620 6641 6663 6686 6707 6728 6751 6774 6793
 6815 6837 6859 6880 6901 6923 6946 6968 6990 7012 7039 7061 7083 7105
 7126 7148 7170 7190 7212 7232 7254 7277 7298 7320 7341 7361 7384 7406
 7427 7449 7471 7492 7513 7534 7557 7578 7599 7621 7643 7664 7685 7707
 7728 7750 7771 7794 7815 7836 7857 7879 7901 7923 7944 7965 7986 8008
 8030 8052 8073 8095 8116 8138 8159 8181 8202 8224 8245 8266 8288 8310
 8332 8354 8375 8396 8417 8439 8460 8482 8503 8525 8546 8569 8590 8612
 8633 8655 8676 8697 8719 8741 8762 8784 8805 8827 8848 8870 8891 8913
 8935 8956 8978 8999 9021 9042 9064 9086 9107 9128 9148 9170 9192 9212
 9235 9258 9280 9301 9323 9344 9366 9387 9409 9430 9451 9473 9494 9516
 9538 9559 9581 9602 9624 9645 9667 9688 9710 9732 9756 9781 9802 9824
 9846 9867 9889]

bpm_google: 120

bpm_librosa: 117.45383522727273
            

onset_frames: [    4    18    30    52    63    85   106   118   128   149   171   191
   202   213   235   276   299   310   324   343   363   365   376   386
   395   408   451   471   491   536   548   558   566   579   601   615
   623   644   666   699   703   707   719   731   740   752   766   772
   789   795   810   821   838   855   860   869   878   901   924   944
   957   966   979   981   986   990   997  1003  1011  1023  1025  1032
  1045  1054  1065  1075  1084  1096  1109  1116  1122  1134  1140  1155
  1165  1180  1204  1225  1237  1247  1256  1268  1275  1290  1303  1312
  1333  1354  1359  1376  1398  1420  1434  1440  1453  1464  1476  1486
  1502  1519  1527  1538  1548  1560  1570  1584  1592  1606  1613  1626
  1635  1639  1649  1655  1671  1677  1687  1692  1699  1713  1719  1724
  1734  1742  1744  1756  1765  1769  1778  1784  1807  1819  1828  1841
  1846  1851  1862  1869  1872  1885  1892  1904  1915  1928  1939  1948
  1958  1969  1979  1992  2000  2006  2013  2022  2034  2043  2054  2066
  2076  2083  2088  2101  2110  2122  2130  2140  2144  2155  2165  2174
  2188  2198  2216  2238  2248  2259  2270  2274  2281  2302  2323  2335
  2345  2355  2363  2368  2376  2381  2388  2423  2432  2454  2474  2488
  2517  2519  2532  2539  2543  2560  2604  2646  2669  2733  2774  2790
  2798  2810  2832  2854  2861  2881  2898  2905  2920  2927  2934  2938
  2947  2962  2970  2984  2991  2996  3002  3007  3012  3019  3024  3030
  3033  3049  3055  3069  3073  3077  3090  3095  3099  3113  3119  3138
  3143  3154  3163  3175  3184  3198  3206  3220  3227  3243  3249  3261
  3271  3285  3292  3306  3314  3329  3335  3349  3357  3372  3379  3393
  3401  3414  3422  3436  3446  3458  3464  3479  3487  3500  3512  3530
  3544  3551  3567  3572  3578  3587  3594  3615  3633  3637  3652  3659
  3663  3678  3701  3714  3723  3739  3745  3759  3766  3771  3788  3802
  3808  3831  3845  3852  3868  3874  3888  3896  3913  3917  3931  3938
  3960  3974  3981  4003  4012  4024  4046  4058  4068  4089  4102  4111
  4125  4133  4154  4168  4176  4189  4212  4219  4222  4232  4240  4260
  4274  4283  4294  4297  4305  4319  4326  4340  4348  4352  4369  4382
  4385  4391  4397  4405  4412  4427  4434  4449  4456  4459  4467  4472
  4480  4490  4498  4512  4520  4533  4541  4547  4555  4563  4574  4576
  4584  4606  4621  4628  4641  4649  4657  4663  4670  4686  4692  4697
  4706  4713  4723  4728  4735  4742  4748  4756  4771  4779  4791  4800
  4815  4834  4841  4843  4857  4865  4878  4908  4922  4929  4945  4951
  4964  4972  4994  5003  5011  5015  5030  5037  5057  5080  5088  5093
  5101  5117  5123  5136  5144  5148  5159  5166  5180  5188  5209  5230
  5245  5252  5264  5266  5273  5296  5309  5338  5352  5359  5381  5395
  5402  5424  5438  5446  5467  5482  5489  5502  5509  5511  5530  5532
  5554  5567  5572  5597  5610  5617  5631  5640  5663  5682  5688  5693
  5700  5704  5717  5729  5742  5749  5769  5775  5780  5789  5799  5806
  5827  5850  5864  5870  5887  5916  5942  5954  5963  5977  5983  5987
  6006  6008  6028  6049  6060  6070  6080  6092  6113  6127  6135  6157
  6178  6200  6213  6243  6249  6259  6262  6276  6281  6288  6308  6324
  6329  6343  6345  6355  6363  6372  6378  6384  6392  6406  6415  6430
  6436  6447  6458  6470  6476  6482  6493  6501  6507  6513  6518  6523
  6534  6536  6543  6553  6562  6577  6581  6587  6599  6607  6609  6613
  6619  6624  6629  6636  6641  6649  6665  6672  6682  6686  6695  6706
  6710  6716  6728  6734  6751  6760  6774  6781  6793  6797  6803  6815
  6822  6825  6836  6859  6868  6880  6889  6901  6910  6917  6923  6929
  6934  6946  6954  6976  6990  6999  7005  7012  7022  7039  7061  7072
  7083  7091  7097  7103  7109  7113  7120  7140  7148  7161  7169  7181
  7190  7202  7212  7224  7231  7246  7253  7268  7276  7297  7310  7320
  7331  7340  7351  7355  7360  7374  7384  7397  7405  7418  7427  7440
  7449  7462  7471  7484  7503  7511  7525  7534  7548  7556  7578  7585
  7596  7608  7621  7643  7663  7685  7692  7699  7721  7728  7750  7771
  7784  7793  7806  7828  7836  7841  7850  7856  7878  7892  7897  7913
  7922  7932  7943  7966  7979  7985  8008  8020  8030  8040  8045  8056
  8065  8073  8094  8116  8138  8159  8181  8194  8202  8224  8238  8245
  8258  8288  8310  8332  8354  8367  8374  8384  8389  8409  8417  8439
  8444  8460  8474  8483  8495  8502  8518  8525  8531  8546  8561  8569
  8582  8590  8605  8611  8624  8633  8655  8668  8674  8697  8711  8719
  8729  8734  8741  8745  8754  8762  8784  8805  8827  8841  8848  8870
  8882  8890  8892  8913  8928  8934  8956  8970  8977  8999  9020  9034
  9041  9056  9059  9066  9080  9086  9105  9108  9128  9137  9147  9149
  9163  9169  9192  9212  9233  9235  9246  9253  9258  9265  9271  9280
  9293  9301  9315  9326  9344  9365  9367  9380  9386  9400  9405  9415
  9430  9434  9452  9473  9487  9494  9505  9516  9526  9538  9559  9573
  9580  9595  9602  9624  9645  9666  9688  9698  9709  9723  9730  9749
  9756  9771  9779  9781  9802  9806  9832  9835  9846  9862  9866  9873
  9880  9893  9897  9902  9906  9911  9916  9921  9932  9948  9964  9971
  9982  9996 10022]
            

times: [0.00000000e+00 2.32199546e-02 4.64399093e-02 ... 2.34289342e+02
 2.34312562e+02 2.34335782e+02]


'onset_strength: [0. 0. 0. ... 0. 0. 0.]