
Music: Adele - Easy On Me
            
Intro: 13 seconds
            

'beats': [  16   34   53   71   88  106  124  143  161  179  197  215  234  252
  270  289  307  325  343  361  379  397  416  434  452  470  488  506
  524  542  561  580  598  616  634  652  671  689  707  725  743  761
  780  798  816  834  852  870  889  907  926  944  962  980  998 1016
 1035 1053 1071 1089 1107 1125 1143 1162 1180 1199 1217 1235 1253 1272
 1289 1308 1326 1345 1362 1379 1398 1416 1434 1452 1471 1490 1508 1526
 1546 1564 1582 1599 1617 1635 1653 1671 1689 1707 1725 1744 1763 1780
 1798 1816 1834 1852 1871 1890 1909 1927 1945 1963 1980 1998 2016 2035
 2054 2072 2091 2109 2127 2145 2163 2181 2199 2217 2236 2256 2273 2291
 2309 2327 2344 2361 2378 2395 2412 2428 2445 2462 2481 2498 2515 2532
 2549 2566 2583 2600 2618 2636 2655 2673 2691 2709 2727 2745 2763 2781
 2799 2819 2839 2859 2879 2898 2916 2935 2951 2967 2983 3000 3017 3035
 3054 3073 3091 3110 3128 3146 3164 3182 3200 3220 3239 3259 3279 3298
 3317 3334 3351 3368 3385 3402 3419 3437 3455 3473 3491 3509 3527 3545
 3564 3582 3600 3618 3636 3655 3673 3691 3709 3727 3745 3764 3783 3801
 3819 3837 3855 3873 3891 3909 3928 3946 3964 3982 4000 4019 4037 4054
 4073 4092 4111 4128 4146 4164 4183 4201 4220 4237 4256 4275 4293 4310
 4328 4346 4364 4380 4401 4419 4437 4455 4472 4489 4509 4528 4546 4564
 4583 4601 4620 4637 4655 4674 4692 4710 4728 4746 4764 4782 4801 4819
 4838 4856 4874 4893 4911 4929 4947 4965 4984 5002 5020 5038 5056 5074
 5092 5111 5129 5147 5165 5183 5201 5220 5238 5256 5275 5293 5311 5329
 5347 5365 5383 5402 5420 5438 5456 5474 5493 5511 5529 5547 5565 5584
 5602 5620 5638 5657 5675 5693 5711 5730 5748 5766 5783 5802 5820 5838
 5857 5875 5893 5911 5927 5944 5963 5982 6001 6020 6038 6057 6075 6093
 6112 6130 6149 6167 6185 6203 6222 6240 6258 6275 6293 6311 6330 6348
 6366 6385 6403 6421 6439 6457 6475 6494 6512 6530 6548 6567 6585 6603
 6621 6639 6657 6676 6694 6712 6731 6749 6767 6785 6803 6821 6839 6857
 6876 6894 6912 6930 6949 6967 6985 7003 7020 7037 7055 7072 7089 7106
 7123 7141 7159 7176 7194 7211 7226 7242 7259 7276 7294 7312 7330 7349
 7367 7386 7404 7422 7440 7458 7477 7495 7513 7531 7548 7567 7585 7603
 7622 7640 7658 7676 7695 7713 7731 7749 7768 7786 7804 7822 7839 7858
 7877 7894 7913 7931 7950 7968 7986 8004 8022 8040 8059 8077 8095 8114
 8132 8149 8168 8186 8204 8222 8240 8258 8275 8294 8314 8332 8350 8368
 8386 8404 8422 8441 8459 8477 8496 8515 8532 8550 8568 8586 8605 8623
 8640 8657 8674 8691 8708 8724 8741 8758 8776 8794 8811 8829 8847 8865
 8883 8902 8921 8940 8959 8977]

bpm_google: 142

bpm_librosa: 143.5546875
            

onset_frames: [  15   53   71   78   88  115  143  224  233  261  288  306  333  361
  388  415  434  452  479  560  580  597  623  670  675  706  725  743
  771  807  816  852  861  870  907  915  943  951  970  995  998 1034
 1143 1162 1200 1244 1253 1262 1288 1307 1316 1325 1353 1379 1389 1398
 1426 1434 1444 1451 1454 1471 1498 1516 1525 1545 1550 1571 1581 1616
 1670 1699 1713 1724 1744 1756 1762 1806 1816 1843 1858 1870 1890 1908
 1997 2015 2053 2109 2127 2154 2163 2191 2208 2216 2256 2272 2308 2316
 2337 2354 2359 2416 2418 2445 2453 2461 2481 2491 2498 2504 2516 2538
 2543 2591 2599 2630 2635 2689 2700 2709 2735 2745 2763 2772 2879 2890
 2900 2915 2935 2942 2991 2999 3027 3034 3045 3059 3076 3082 3090 3177
 3200 3216 3220 3290 3316 3345 3400 3418 3427 3436 3464 3491 3509 3564
 3591 3618 3636 3654 3763 3782 3864 3873 3904 3919 3928 3945 3961 3970
 4000 4009 4019 4037 4053 4064 4073 4091 4111 4120 4146 4171 4191 4200
 4219 4232 4237 4264 4294 4344 4346 4364 4380 4401 4411 4418 4428 4447
 4455 4488 4501 4519 4528 4550 4565 4574 4592 4601 4612 4620 4628 4645
 4653 4670 4702 4728 4750 4756 4781 4783 4792 4800 4819 4846 4874 4890
 4901 4929 4947 4965 5073 5110 5147 5174 5183 5201 5220 5248 5256 5265
 5274 5316 5329 5347 5365 5371 5393 5402 5411 5417 5474 5511 5520 5538
 5547 5556 5562 5596 5620 5648 5687 5692 5747 5757 5766 5793 5802 5829
 5875 5902 5911 5942 5957 5971 5975 5984 5992 5999 6021 6048 6057 6091
 6103 6117 6135 6140 6149 6166 6202 6236 6258 6275 6312 6348 6375 6403
 6421 6485 6493 6521 6542 6566 6603 6639 6665 6685 6694 6711 6739 6766
 6794 6820 6839 6856 6870 6893 6910 6919 6930 6958 6967 6975 6982 6988
 7003 7036 7046 7055 7076 7093 7106 7149 7159 7194 7203 7211 7222 7231
 7242 7258 7276 7294 7321 7330 7341 7349 7367 7398 7440 7477 7530 7548
 7622 7637 7643 7649 7658 7686 7694 7724 7731 7740 7749 7795 7804 7838
 7867 7877 7891 7946 7950 7973 7986 7995 8013 8022 8031 8038 8070 8077
 8095 8149 8164 8168 8231 8240 8264 8275 8305 8314 8340 8377 8386 8412
 8414 8422 8432 8447 8459 8467 8473 8495 8514 8532 8567 8577 8591 8608
 8614 8622 8707 8713 8723 8741 8750 8822 8845 8847 8876 8931 8958 8968
 8995 9013 9021 9039 9066 9094 9122 9150 9170 9189 9220]
            

times: [0.00000000e+00 2.32199546e-02 4.64399093e-02 ... 2.24722721e+02
 2.24745941e+02 2.24769161e+02]


'onset_strength: [0. 0. 0. ... 0. 0. 0.]