
Music: Akon - Lonely
            
Intro: 43 seconds
            

'beats': [   33    61    90   118   145   176   205   234   263   291   320   348
   376   405   434   462   491   520   548   577   604   635   664   692
   721   750   779   807   835   864   893   921   951   979  1008  1036
  1065  1094  1123  1151  1180  1209  1237  1266  1295  1324  1352  1381
  1410  1438  1467  1496  1524  1553  1582  1610  1639  1667  1696  1725
  1754  1782  1811  1840  1869  1897  1926  1954  1983  2012  2041  2069
  2098  2127  2155  2184  2213  2241  2270  2299  2327  2356  2385  2413
  2442  2470  2499  2528  2557  2586  2614  2643  2671  2700  2729  2757
  2786  2815  2844  2872  2901  2929  2958  2987  3016  3044  3073  3102
  3130  3159  3188  3216  3245  3273  3302  3331  3360  3388  3417  3446
  3475  3503  3532  3561  3589  3618  3646  3675  3704  3733  3762  3790
  3818  3847  3876  3905  3933  3962  3990  4019  4049  4077  4106  4134
  4163  4191  4220  4249  4277  4306  4335  4363  4392  4421  4449  4478
  4507  4535  4564  4594  4622  4650  4679  4707  4736  4765  4794  4822
  4851  4880  4908  4937  4966  4994  5023  5052  5080  5109  5137  5166
  5195  5224  5253  5281  5310  5339  5367  5396  5425  5453  5482  5510
  5539  5568  5597  5625  5654  5682  5711  5740  5769  5797  5826  5854
  5883  5912  5940  5970  5998  6027  6055  6084  6113  6141  6170  6199
  6227  6256  6284  6313  6342  6372  6400  6428  6457  6485  6514  6543
  6572  6600  6629  6658  6686  6715  6744  6772  6801  6830  6858  6887
  6916  6944  6973  7002  7031  7059  7088  7116  7145  7174  7203  7231
  7260  7288  7317  7346  7375  7403  7432  7460  7489  7518  7547  7575
  7604  7633  7661  7690  7718  7745  7775  7803  7833  7862  7891  7920
  7948  7977  8006  8034  8062  8091  8120  8149  8178  8206  8235  8264
  8292  8321  8350  8378  8407  8435  8464  8493  8522  8550  8579  8608
  8637  8665  8694  8722  8751  8780  8809  8837  8866  8894  8923  8952
  8981  9009  9038  9066  9095  9124  9152  9181  9210  9238  9267  9296
  9324  9353  9382  9411  9439  9468  9497  9525  9554  9583  9611  9640
  9669  9697  9726  9755  9783  9812  9841  9869  9898  9927  9955  9984
 10013 10042 10071]

bpm_google: 90

bpm_librosa: 178.20581896551724
            

onset_frames: [   33    61    89   118   144   176   205   224   233   254   266   291
   310   320   347   365   404   434   462   469   482   492   520   523
   539   548   576   603   635   664   683   692   712   725   750   778
   806   824   863   893   921   928   944   950   965   979   993   999
  1007  1022  1036  1048  1051  1058  1065  1079  1094  1108  1122  1137
  1144  1151  1164  1172  1180  1194  1199  1202  1208  1223  1237  1251
  1265  1273  1278  1280  1294  1308  1318  1323  1338  1351  1366  1380
  1392  1395  1401  1409  1423  1429  1438  1452  1466  1481  1495  1507
  1524  1533  1539  1552  1567  1581  1596  1604  1610  1624  1638  1653
  1658  1661  1667  1682  1689  1696  1715  1723  1725  1739  1746  1753
  1768  1782  1796  1804  1810  1825  1839  1854  1868  1879  1897  1911
  1926  1940  1954  1971  1983  1997  2011  2026  2040  2055  2069  2097
  2112  2126  2154  2169  2183  2205  2212  2227  2234  2241  2270  2280
  2298  2327  2341  2355  2368  2384  2393  2399  2413  2423  2429  2442
  2451  2456  2470  2499  2509  2513  2527  2542  2556  2567  2585  2602
  2614  2628  2642  2657  2664  2671  2681  2700  2714  2728  2746  2757
  2767  2773  2786  2800  2814  2830  2843  2858  2871  2886  2901  2915
  2929  2958  2972  2986  3001  3015  3030  3044  3059  3073  3087  3101
  3116  3130  3159  3173  3187  3202  3216  3230  3245  3259  3273  3284
  3290  3302  3316  3330  3345  3360  3374  3388  3397  3405  3417  3431
  3445  3460  3474  3489  3503  3517  3531  3560  3589  3603  3618  3646
  3675  3689  3704  3717  3732  3761  3775  3789  3801  3818  3833  3841
  3847  3861  3876  3890  3904  3926  3933  3947  3958  3962  3976  3990
  4004  4014  4019  4031  4033  4041  4044  4048  4063  4072  4076  4092
  4105  4134  4163  4177  4191  4215  4220  4234  4248  4263  4277  4292
  4305  4335  4349  4363  4392  4401  4420  4435  4449  4463  4478  4492
  4506  4517  4521  4535  4550  4564  4578  4594  4602  4621  4636  4650
  4660  4678  4693  4707  4736  4750  4764  4772  4780  4793  4808  4822
  4836  4850  4865  4879  4894  4908  4922  4937  4951  4965  4980  4994
  5009  5023  5037  5051  5066  5080  5094  5108  5119  5125  5137  5152
  5166  5195  5209  5223  5231  5238  5252  5266  5280  5295  5309  5324
  5338  5353  5367  5381  5395  5410  5424  5439  5447  5453  5467  5482
  5496  5510  5525  5539  5553  5568  5582  5592  5596  5611  5625  5634
  5640  5650  5654  5670  5677  5681  5692  5697  5711  5726  5739  5754
  5768  5783  5791  5797  5807  5812  5825  5840  5854  5883  5897  5907
  5912  5922  5926  5938  5940  5969  5980  5990  5998  6014  6026  6041
  6050  6055  6071  6083  6093  6112  6127  6129  6141  6166  6170  6198
  6208  6227  6242  6256  6284  6299  6309  6313  6322  6342  6352  6357
  6366  6386  6394  6400  6415  6428  6443  6449  6456  6471  6485  6495
  6501  6514  6542  6557  6571  6586  6600  6629  6643  6657  6672  6686
  6701  6715  6729  6743  6758  6772  6801  6815  6829  6858  6872  6886
  6901  6915  6930  6944  6952  6973  6987  7001  7030  7044  7059  7066
  7087  7102  7116  7131  7144  7159  7161  7174  7188  7202  7216  7230
  7259  7274  7288  7317  7331  7345  7360  7374  7388  7403  7414  7431
  7446  7455  7460  7475  7489  7497  7503  7517  7527  7532  7546  7561
  7575  7589  7597  7603  7614  7632  7645  7660  7675  7684  7690  7704
  7711  7718  7725  7732  7744  7761  7775  7795  7804  7830  7833  7847
  7862  7890  7919  7948  7958  7962  7976  7991  8005  8020  8027  8034
  8048  8062  8072  8077  8091  8101  8120  8134  8148  8159  8171  8177
  8191  8206  8217  8229  8234  8244  8258  8263  8281  8292  8306  8320
  8349  8364  8378  8394  8407  8421  8435  8450  8464  8487  8493  8507
  8521  8536  8550  8579  8607  8636  8665  8679  8693  8708  8722  8751
  8765  8779  8789  8794  8808  8822  8836  8863  8866  8880  8894  8909
  8923  8937  8946  8951  8966  8980  8995  9009  9023  9037  9052  9066
  9095  9123  9152  9181  9210  9224  9238  9247  9254  9267  9281  9295
  9317  9324  9338  9353  9362  9382  9396  9410  9439  9453  9467  9476
  9496  9511  9520  9525  9539  9547  9553  9568  9582  9592  9611  9626
  9633  9640  9668  9682  9697  9706  9726  9740  9754  9769  9776  9783
  9797  9811  9821  9840  9855  9869  9884  9898  9912  9926  9935  9955
  9970  9978  9984  9996  9998 10006 10012 10036 10042 10048 10056 10070
 10088 10100 10107]
            

times: [0.00000000e+00 2.32199546e-02 4.64399093e-02 ... 2.36704218e+02
 2.36727438e+02 2.36750658e+02]


'onset_strength: [0. 0. 0. ... 0. 0. 0.]