
Music: Billie Eilish - Ocean Eyes
            
Intro: 13 seconds
            

'beats': [   6   25   43   61   79   97  115  133  151  168  186  204  221  239
  257  275  293  311  329  346  364  382  400  418  436  454  472  490
  507  524  542  560  578  596  614  632  649  667  684  701  718  736
  754  772  790  808  825  842  860  879  898  916  934  952  970  988
 1007 1025 1043 1060 1077 1094 1112 1130 1148 1166 1184 1202 1219 1237
 1255 1273 1290 1308 1326 1344 1361 1379 1397 1415 1433 1452 1469 1487
 1505 1523 1540 1557 1576 1596 1612 1629 1647 1665 1682 1700 1718 1737
 1754 1772 1790 1808 1825 1842 1860 1878 1896 1914 1932 1950 1968 1985
 2003 2021 2039 2057 2075 2093 2110 2128 2146 2164 2182 2200 2218 2235
 2252 2271 2289 2307 2324 2342 2360 2378 2395 2414 2431 2449 2467 2485
 2503 2520 2538 2556 2574 2592 2610 2627 2645 2663 2680 2698 2716 2734
 2752 2770 2788 2806 2823 2841 2859 2878 2895 2912 2929 2947 2965 2984
 3002 3020 3038 3055 3072 3090 3108 3126 3144 3162 3180 3197 3215 3233
 3251 3269 3286 3304 3322 3340 3358 3376 3393 3411 3429 3447 3465 3483
 3501 3519 3536 3552 3569 3588 3607 3625 3643 3661 3678 3696 3712 3731
 3749 3767 3785 3803 3821 3838 3856 3874 3892 3910 3927 3945 3963 3981
 3999 4017 4035 4053 4070 4088 4106 4124 4141 4159 4177 4195 4213 4231
 4249 4267 4285 4304 4321 4338 4356 4374 4391 4409 4427 4445 4463 4481
 4498 4516 4534 4552 4570 4588 4606 4623 4641 4659 4676 4694 4712 4730
 4748 4766 4784 4802 4819 4837 4855 4873 4890 4908 4926 4944 4961 4980
 4997 5015 5033 5051 5069 5087 5104 5122 5140 5158 5176 5193 5211 5229
 5246 5265 5283 5301 5319 5336 5354 5372 5389 5407 5425 5443 5461 5478
 5496 5514 5531 5550 5568 5586 5604 5621 5639 5656 5674 5692 5710 5728
 5746 5764 5782 5799 5817 5835 5853 5870 5888 5906 5924 5942 5959 5977
 5995 6013 6031 6049 6067 6084 6102 6120 6138 6155 6173 6191 6209 6227
 6244 6262 6280 6298 6316 6334 6352 6369 6387 6405 6423 6441 6459 6477
 6495 6512 6530 6548 6566 6584 6601 6619 6637 6655 6672 6690 6708 6726
 6744 6761 6779 6797 6815 6833 6851 6869 6887 6904 6922 6940 6957 6975
 6993 7011 7029 7047 7065 7083 7101 7118 7136 7154 7172 7190 7207 7224
 7241 7259 7276 7294 7312 7330 7349 7367 7385 7404 7422 7441 7459 7476
 7493 7510 7529 7547 7565 7582 7600 7618 7635 7653 7671 7689 7707 7725
 7743 7760 7777 7794 7812 7830 7848 7866 7884 7902 7920 7938 7956 7974
 7992 8009 8027 8045 8063 8081 8099 8117 8134 8152 8170]

bpm_google: 145

bpm_librosa: 143.5546875
            

onset_frames: [   6  293  436  577  605  661  717  772  860  864  881  890  910  970
  987 1025 1147 1193 1201 1254 1278 1290 1335 1340 1344 1389 1397 1406
 1430 1433 1478 1487 1539 1573 1575 1596 1620 1629 1654 1682 1718 1737
 1763 1772 1825 1834 1861 1887 1967 2030 2048 2057 2110 2119 2146 2172
 2191 2252 2271 2308 2315 2342 2395 2404 2408 2431 2457 2476 2537 2574
 2600 2618 2627 2680 2689 2716 2742 2760 2823 2832 2859 2879 2885 2912
 2965 2975 3001 3028 3046 3055 3108 3117 3143 3197 3227 3247 3250 3269
 3278 3286 3314 3331 3340 3393 3402 3427 3429 3451 3478 3513 3535 3569
 3616 3625 3650 3652 3656 3660 3669 3678 3687 3696 3705 3712 3714 3759
 3767 3797 3820 3830 3843 3856 3901 3909 3963 3972 3981 3990 3999 4044
 4053 4105 4115 4128 4140 4186 4195 4248 4258 4266 4279 4284 4304 4329
 4338 4391 4400 4427 4453 4533 4596 4614 4623 4659 4667 4676 4685 4712
 4738 4757 4766 4810 4818 4837 4881 4908 4961 5024 5042 5051 5104 5166
 5184 5193 5229 5238 5246 5255 5309 5327 5336 5389 5425 5451 5478 5505
 5514 5523 5531 5541 5568 5594 5612 5621 5656 5665 5674 5683 5692 5710
 5736 5754 5764 5808 5816 5853 5879 5897 5906 5942 5951 5959 5968 6022
 6040 6102 6164 6182 6191 6227 6236 6244 6254 6279 6307 6325 6334 6387
 6449 6512 6521 6529 6539 6592 6610 6619 6672 6708 6734 6752 6761 6797
 6806 6814 6824 6850 6877 6895 6904 6913 6922 6931 6939 6948 6957 6966
 6993 7190 7249 7276 7317 7323 7330 7385 7395 7404 7419 7442 7448 7499
 7509 7541 7547 7745 7760 7821 7848 7890 7897 7903 7955 7963 8008 8045
 8068 8117 8134 8154 8188 8217]
            

times: [0.00000000e+00 2.32199546e-02 4.64399093e-02 ... 2.00318549e+02
 2.00341769e+02 2.00364989e+02]


'onset_strength: [0. 0. 0. ... 0. 0. 0.]