
Music: Buttercup
            
Intro: 18 seconds
            

'beats': [  88  110  133  155  177  199  221  243  264  285  306  327  349  371
  393  415  438  459  480  501  522  543  564  585  606  628  650  671
  692  713  734  756  779  801  822  844  865  887  909  930  951  973
  995 1016 1037 1059 1081 1103 1123 1145 1166 1189 1210 1232 1253 1275
 1296 1318 1339 1361 1382 1404 1425 1446 1468 1490 1511 1533 1555 1576
 1598 1619 1641 1662 1684 1705 1727 1748 1770 1792 1812 1834 1856 1878
 1899 1921 1942 1964 1985 2007 2029 2050 2072 2093 2115 2136 2157 2179
 2201 2222 2243 2265 2287 2309 2330 2352 2373 2395 2416 2438 2459 2481
 2502 2524 2545 2567 2588 2610 2632 2653 2675 2696 2718 2739 2760 2782
 2804 2825 2846 2868 2890 2912 2933 2955 2976 2998 3019 3041 3062 3084
 3105 3127 3148 3170 3191 3213 3234 3256 3278 3299 3321 3343 3364 3385
 3407 3428 3450 3471 3493 3514 3535 3557 3578 3600 3622 3644 3665 3687
 3708 3729 3751 3773 3794 3816 3837 3859 3880 3902 3923 3945 3966 3988
 4009 4031 4053 4074 4096 4117 4139 4160 4182 4203 4225 4247 4268 4290
 4311 4333 4355 4376 4397 4419 4441 4462 4483 4505 4527 4548 4570 4591
 4613 4634 4656 4677 4699 4721 4742 4764 4785 4807 4828 4850 4871 4892
 4914 4935 4957 4978 5000 5021 5043 5065 5086 5108 5129 5151 5172 5194
 5215 5237 5258 5280 5302 5323 5344 5366 5388 5409 5431 5452 5474 5495
 5517 5538 5560 5582 5603 5624 5646 5668 5689 5711 5732 5754 5775 5797
 5818 5840 5861 5883 5905 5926 5948 5969 5991 6012 6034 6055 6077 6098
 6120 6142 6163 6185 6206 6227 6249 6271 6292 6314 6335 6356 6378 6400
 6422 6443 6464 6486 6507 6529 6550 6572 6593 6615 6636 6658 6680 6701
 6723 6744 6766 6787 6809 6831 6852 6874 6895 6916 6937 6958 6981 7002
 7024 7046 7067 7089 7111 7132 7154 7175 7196 7218 7239 7261 7283 7304
 7326 7347 7369 7390 7412 7434 7455 7477 7498]

bpm_google: 120

bpm_librosa: 117.45383522727273
            

onset_frames: [  88   91  155  179  257  324  369  386  393  411  415  480  564  570
  650  688  693  733  762  778  787  800  811  816  822  844  865  876
  887  898  906  908  930  951  963  973  984  994 1004 1009 1016 1026
 1031 1037 1058 1080 1102 1121 1123 1134 1145 1156 1165 1188 1198 1210
 1231 1252 1267 1275 1296 1317 1329 1339 1350 1361 1370 1382 1403 1446
 1462 1467 1476 1490 1510 1533 1555 1564 1576 1598 1619 1630 1640 1652
 1662 1674 1684 1694 1705 1716 1726 1748 1769 1792 1810 1812 1823 1834
 1845 1855 1877 1889 1899 1920 1942 1964 1985 2006 2028 2039 2050 2071
 2093 2104 2114 2124 2136 2146 2157 2179 2200 2222 2243 2265 2276 2287
 2308 2330 2341 2351 2362 2373 2383 2394 2405 2415 2427 2437 2448 2459
 2469 2480 2491 2502 2523 2534 2545 2566 2588 2609 2621 2631 2641 2653
 2664 2674 2696 2706 2718 2728 2739 2750 2760 2771 2781 2793 2814 2824
 2835 2846 2858 2868 2878 2890 2900 2911 2922 2933 2944 2954 2965 2976
 2987 2997 3009 3019 3030 3040 3051 3062 3073 3084 3094 3104 3126 3137
 3148 3159 3170 3180 3191 3202 3212 3223 3234 3245 3256 3266 3277 3288
 3299 3309 3320 3330 3342 3353 3363 3385 3396 3407 3428 3439 3449 3460
 3470 3482 3492 3514 3529 3534 3557 3568 3578 3600 3621 3643 3662 3664
 3686 3707 3719 3729 3740 3751 3761 3772 3794 3815 3837 3858 3879 3890
 3901 3913 3923 3945 3965 3977 3987 4009 4031 4052 4074 4085 4095 4117
 4138 4160 4182 4224 4246 4302 4333 4347 4397 4419 4433 4440 4451 4462
 4475 4483 4504 4516 4570 4591 4677 4699 4742 4775 4785 4798 4819 4821
 4849 4860 4871 4881 4892 4902 4913 4935 4956 4978 4999 5021 5033 5043
 5065 5086 5097 5107 5118 5129 5139 5151 5161 5172 5183 5194 5204 5225
 5237 5247 5258 5280 5291 5301 5323 5344 5366 5377 5388 5409 5420 5430
 5452 5463 5474 5484 5495 5506 5516 5527 5537 5549 5560 5571 5581 5592
 5602 5614 5624 5635 5646 5657 5667 5689 5710 5721 5732 5743 5754 5765
 5775 5797 5807 5818 5829 5840 5851 5861 5872 5883 5893 5915 5926 5936
 5947 5968 5980 5990 6012 6023 6033 6045 6055 6066 6077 6087 6098 6109
 6120 6141 6152 6163 6174 6184 6195 6205 6217 6238 6249 6259 6270 6281
 6291 6313 6335 6356 6377 6399 6411 6421 6443 6464 6476 6486 6497 6507
 6518 6529 6540 6550 6561 6572 6582 6604 6615 6636 6658 6669 6679 6701
 6722 6744 6766 6776 6787 6809 6830 6841 6852 6863 6873 6884 6895 6906
 6916 6927 6936 6947 6958 6967 6970 6980 6992 7002 7013 7024 7035 7045
 7057 7067 7078 7088 7099 7110 7121 7132 7143 7153 7164 7175 7185 7196
 7206 7218 7228 7239 7250 7261 7271 7283 7293 7304 7314 7326 7346 7358
 7368 7380 7390 7401 7412 7423 7433 7444 7455 7465 7476 7487 7498 7519
 7530 7541 7552 7562 7573 7584 7595 7616 7649 7670 7757 7843 7917 7928
 8015 8102 8136 8144 8189 8316 8359]
            

times: [0.00000000e+00 2.32199546e-02 4.64399093e-02 ... 2.08027574e+02
 2.08050794e+02 2.08074014e+02]


'onset_strength: [0. 0. 0. ... 0. 0. 0.]