
Music: Coldplay - Paradise
            
Intro: 13 seconds
            

'beats': [    4    22    41    60    79    98   116   135   153   171   189   208
   227   245   264   283   301   319   338   357   375   393   412   430
   449   467   485   504   522   540   559   578   597   616   634   653
   672   690   708   726   745   763   782   800   819   837   856   874
   892   911   929   948   967   985  1003  1021  1040  1059  1077  1095
  1114  1132  1151  1169  1188  1207  1225  1243  1262  1280  1299  1317
  1335  1354  1372  1391  1409  1428  1446  1464  1483  1501  1520  1538
  1557  1575  1594  1612  1631  1649  1668  1686  1705  1723  1741  1760
  1778  1797  1815  1833  1852  1871  1889  1908  1926  1945  1963  1982
  2001  2019  2038  2056  2074  2093  2111  2130  2149  2167  2186  2204
  2223  2241  2260  2278  2297  2315  2334  2353  2371  2390  2407  2426
  2445  2462  2482  2501  2519  2538  2556  2575  2593  2611  2630  2649
  2667  2686  2704  2722  2741  2759  2778  2797  2815  2834  2852  2870
  2889  2907  2926  2945  2962  2981  3000  3018  3036  3055  3073  3092
  3110  3129  3148  3166  3185  3204  3222  3240  3258  3277  3296  3314
  3333  3351  3369  3388  3406  3426  3445  3463  3482  3500  3518  3537
  3555  3574  3592  3611  3630  3648  3667  3685  3704  3723  3741  3759
  3778  3797  3815  3833  3851  3871  3889  3907  3926  3944  3963  3982
  4000  4019  4037  4055  4074  4092  4111  4130  4148  4167  4185  4204
  4222  4241  4259  4278  4296  4315  4333  4352  4371  4389  4407  4426
  4444  4463  4482  4500  4519  4537  4556  4574  4593  4612  4630  4648
  4667  4685  4704  4723  4741  4760  4778  4796  4815  4833  4852  4870
  4889  4908  4926  4944  4963  4982  5000  5019  5036  5055  5074  5093
  5111  5129  5147  5164  5184  5204  5223  5241  5260  5278  5296  5314
  5333  5352  5370  5389  5407  5425  5444  5462  5480  5499  5518  5536
  5555  5573  5591  5610  5628  5647  5665  5684  5702  5721  5739  5756
  5775  5795  5813  5832  5850  5868  5887  5905  5924  5942  5961  5979
  5998  6016  6034  6053  6071  6090  6108  6127  6145  6163  6182  6201
  6219  6238  6256  6275  6293  6311  6330  6349  6367  6386  6404  6423
  6441  6459  6478  6496  6515  6533  6551  6570  6588  6607  6626  6644
  6662  6681  6699  6718  6736  6755  6773  6792  6810  6828  6847  6865
  6883  6902  6920  6939  6957  6975  6994  7013  7031  7050  7068  7086
  7105  7123  7142  7160  7179  7197  7216  7234  7253  7271  7290  7309
  7327  7345  7363  7382  7401  7419  7437  7456  7474  7492  7511  7530
  7548  7566  7585  7603  7622  7641  7659  7678  7696  7715  7734  7753
  7772  7791  7808  7826  7844  7864  7883  7901  7920  7938  7956  7975
  7993  8012  8030  8049  8067  8085  8104  8122  8140  8159  8178  8196
  8215  8233  8251  8270  8288  8307  8326  8344  8363  8381  8399  8417
  8436  8455  8473  8492  8510  8528  8547  8565  8583  8602  8621  8639
  8658  8676  8695  8713  8731  8750  8768  8787  8805  8823  8842  8860
  8879  8898  8916  8935  8953  8971  8990  9008  9027  9045  9063  9082
  9100  9119  9138  9156  9174  9193  9211  9230  9248  9267  9285  9304
  9322  9341  9359  9377  9396  9415  9433  9451  9470  9488  9507  9525
  9544  9562  9581  9599  9617  9636  9654  9673  9691  9710  9728  9746
  9765  9784  9802  9821  9839  9857  9876  9894  9913  9932  9950  9968
  9986 10005 10023 10042 10060 10079 10097 10116 10134 10153 10171 10190
 10208 10227 10246 10265 10284 10303 10322 10341 10360 10380 10399 10418
 10436 10456 10475 10494 10512 10531 10550 10569]

bpm_google: 140

bpm_librosa: 143.5546875
            

onset_frames: [    4   301   577   588   596   634   653   671   680   689   707   726
   745   763   772   781   800   819   837   855   873   883   892   911
   920   929   948   966   975   984  1003  1021  1040  1059  1077  1095
  1114  1123  1132  1151  1169  1188  1225  1243  1262  1280  1298  1317
  1335  1354  1363  1372  1391  1409  1428  1446  1464  1474  1483  1501
  1520  1557  1566  1575  1594  1612  1630  1658  1667  1686  1705  1723
  1741  1760  1769  1778  1785  1797  1806  1815  1825  1833  1852  1861
  1870  1889  1899  1907  1917  1926  1939  1945  1954  1958  1962  1972
  1981  2000  2009  2018  2037  2047  2055  2065  2074  2093  2102  2111
  2121  2129  2148  2158  2166  2185  2191  2202  2204  2209  2218  2222
  2232  2241  2250  2259  2269  2272  2278  2296  2306  2315  2333  2343
  2353  2370  2380  2389  2398  2407  2417  2426  2435  2445  2454  2462
  2482  2500  2509  2519  2529  2537  2547  2555  2565  2574  2584  2593
  2602  2610  2630  2640  2646  2649  2658  2663  2667  2677  2685  2694
  2703  2713  2722  2731  2741  2750  2758  2778  2787  2796  2806  2814
  2824  2833  2842  2848  2852  2861  2866  2877  2888  2897  2902  2907
  2925  2944  2953  2958  2999  3018  3055  3073  3092  3110  3129  3148
  3157  3166  3203  3213  3221  3241  3250  3258  3296  3314  3351  3369
  3406  3426  3444  3463  3500  3509  3518  3554  3563  3592  3602  3610
  3629  3648  3666  3685  3694  3697  3703  3716  3723  3739  3750  3759
  3777  3787  3796  3815  3824  3833  3843  3851  3870  3879  3889  3898
  3906  3926  3944  3963  3969  3981  3991  3999  4012  4019  4032  4037
  4053  4055  4074  4092  4111  4130  4148  4167  4176  4181  4185  4204
  4212  4222  4241  4259  4268  4277  4287  4296  4315  4324  4333  4345
  4352  4361  4370  4389  4407  4426  4435  4444  4463  4472  4477  4481
  4500  4509  4518  4528  4536  4555  4565  4574  4588  4592  4602  4611
  4620  4629  4639  4644  4648  4657  4667  4676  4685  4702  4704  4717
  4722  4741  4759  4768  4777  4796  4815  4824  4833  4852  4861  4870
  4879  4889  4907  4914  4916  4925  4935  4944  4953  4963  4972  4981
  4991  4999  5011  5019  5036  5065  5092  5120  5139  5146  5159  5163
  5166  5176  5183  5222  5296  5332  5352  5361  5370  5389  5425  5444
  5461  5471  5479  5500  5518  5536  5555  5573  5591  5610  5628  5647
  5665  5684  5721  5739  5756  5813  5868  5887  5905  5923  5951  5961
  5979  5998  6015  6034  6053  6070  6090  6108  6127  6163  6182  6200
  6219  6238  6256  6293  6311  6330  6367  6376  6385  6394  6403  6422
  6431  6440  6450  6459  6468  6477  6487  6496  6514  6524  6533  6542
  6551  6561  6570  6579  6588  6597  6606  6616  6625  6634  6644  6653
  6662  6671  6680  6690  6699  6717  6736  6745  6754  6763  6773  6782
  6791  6801  6810  6819  6828  6837  6847  6856  6865  6883  6893  6902
  6911  6920  6938  6956  6975  6985  6994  7013  7031  7068  7086  7105
  7123  7142  7225  7298  7317  7350  7355  7363  7382  7401  7410  7504
  7511  7517  7531  7612  7622  7659  7686  7696  7704  7722  7734  7747
  7761  7781  7791  7808  7817  7825  7835  7843  7882  7937  7956  7993
  8030  8067  8085  8103  8118  8131  8140  8178  8196  8215  8232  8251
  8288  8307  8325  8344  8363  8381  8399  8417  8473  8547  8583  8621
  8639  8658  8694  8713  8722  8731  8750  8768  8823  8842  8879  8898
  8916  8935  8953  8990  9008  9063  9073  9100  9109  9119  9137  9156
  9174  9183  9193  9211  9230  9239  9248  9256  9267  9285  9303  9322
  9341  9359  9396  9433  9451  9470  9479  9488  9506  9525  9552  9580
  9590  9599  9608  9654  9727  9756  9765  9784  9802  9857  9875  9949
 10023 10042 10079 10097 10143 10171 10236 10283 10294 10313 10351 10359
 10370 10389 10418 10427 10436 10446 10465 10475 10494 10511 10521 10539
 10587 10597 10615 10645 10666]
            

times: [0.00000000e+00 2.32199546e-02 4.64399093e-02 ... 2.59993832e+02
 2.60017052e+02 2.60040272e+02]


'onset_strength: [0. 0. 0. ... 0. 0. 0.]