
Music: Daft Punk - Instant Crush
            
Intro: 1 seconds
            

'beats': [  108   131   155   179   202   226   249   273   296   320   343   367
   390   414   437   461   484   508   532   555   578   602   625   649
   672   696   719   743   766   790   813   837   860   884   907   931
   954   978  1001  1025  1048  1072  1095  1119  1143  1166  1189  1213
  1236  1260  1283  1307  1330  1354  1378  1401  1425  1448  1472  1495
  1519  1542  1566  1589  1613  1636  1660  1684  1707  1730  1754  1777
  1801  1824  1848  1871  1895  1919  1942  1965  1989  2012  2035  2059
  2083  2106  2130  2153  2177  2200  2222  2247  2271  2295  2318  2341
  2365  2388  2412  2435  2458  2482  2506  2529  2553  2576  2599  2623
  2647  2670  2694  2717  2741  2764  2788  2811  2835  2858  2882  2905
  2929  2952  2976  2999  3023  3046  3070  3093  3117  3140  3164  3187
  3211  3234  3258  3281  3305  3328  3352  3375  3399  3423  3445  3469
  3493  3516  3539  3563  3587  3610  3633  3657  3681  3704  3728  3752
  3775  3798  3822  3845  3869  3892  3916  3940  3963  3987  4010  4033
  4057  4081  4104  4127  4151  4175  4198  4221  4245  4269  4292  4315
  4339  4363  4386  4409  4434  4457  4480  4503  4527  4551  4574  4597
  4621  4645  4668  4692  4715  4739  4762  4785  4809  4833  4856  4879
  4903  4927  4950  4974  4997  5021  5044  5068  5091  5115  5138  5161
  5186  5209  5232  5255  5279  5303  5326  5350  5373  5397  5420  5442
  5467  5490  5514  5537  5561  5584  5607  5631  5655  5678  5702  5725
  5749  5773  5796  5819  5843  5867  5890  5914  5937  5961  5984  6007
  6031  6055  6078  6102  6125  6148  6172  6195  6219  6242  6266  6290
  6313  6336  6360  6383  6407  6429  6454  6477  6501  6524  6548  6571
  6595  6619  6642  6666  6689  6713  6736  6760  6783  6807  6830  6854
  6877  6900  6924  6948  6971  6995  7018  7042  7065  7089  7111  7135
  7159  7183  7206  7229  7253  7277  7300  7324  7347  7371  7394  7418
  7441  7465  7488  7512  7535  7559  7582  7605  7629  7652  7676  7700
  7723  7747  7770  7794  7817  7841  7864  7887  7911  7935  7958  7981
  8005  8029  8052  8076  8099  8123  8146  8170  8193  8216  8240  8264
  8287  8311  8334  8358  8381  8405  8428  8452  8475  8499  8522  8546
  8569  8593  8616  8640  8664  8687  8710  8734  8757  8781  8804  8828
  8851  8875  8898  8922  8945  8969  8992  9016  9039  9063  9086  9110
  9133  9157  9180  9204  9228  9251  9274  9297  9321  9345  9369  9391
  9415  9439  9462  9486  9510  9533  9556  9580  9604  9627  9651  9674
  9698  9721  9744  9767  9792  9815  9838  9862  9886  9909  9933  9956
  9980 10003 10026 10049 10073 10097 10121 10143 10167 10191 10214 10238
 10262 10285 10308 10332 10356 10379 10403 10426 10450 10473 10496 10520
 10544 10567 10590 10614 10637 10661 10685 10708 10732 10755 10778 10801
 10826 10849 10873 10896 10920 10943 10966 10989 11014 11037 11061 11084
 11108 11131 11155 11178 11202 11225 11249 11272 11296 11319 11343 11366
 11389 11413 11436 11460 11483 11507 11530 11553 11577 11602 11626 11648
 11671 11696 11720 11742 11766 11790 11816 11837 11861 11885 11908 11930
 11955 11979 12002 12024 12048 12072 12096 12118 12142 12165 12189 12212
 12236 12259 12283 12306 12330 12353 12377 12400 12424 12447 12471 12494
 12518 12541 12565 12588 12612 12635 12659 12682 12706 12729 12753 12776
 12800 12823 12847 12870 12894 12917 12941 12964 12988 13011 13035 13058
 13082 13105 13129 13152 13176 13199 13223 13246 13270 13293 13317 13340
 13364 13387 13411 13434 13458 13481 13505 13528 13552 13575 13599 13622
 13646 13669 13693 13716 13740 13763 13787 13810 13834 13858 13881 13904
 13928 13952 13975 13998 14022 14045 14068 14092 14116 14139 14162 14186
 14210 14233 14257]

bpm_google: 110

bpm_librosa: 112.34714673913044
            

onset_frames: [  131   143   155 ... 14315 14351 14374]
            

times: [0.00000000e+00 2.32199546e-02 4.64399093e-02 ... 3.39707937e+02
 3.39731156e+02 3.39754376e+02]


'onset_strength: [0. 0. 0. ... 0. 0. 0.]