
Music: Daft Punk - Get Lucky
            
Intro: 1 seconds
            

'beats': [   10    33    55    77   100   122   144   166   189   211   233   255
   278   300   322   344   367   389   411   433   456   478   500   522
   545   567   590   612   634   656   679   701   723   745   768   790
   812   834   857   879   902   924   946   968   990  1012  1034  1057
  1079  1101  1124  1146  1169  1191  1213  1235  1258  1280  1302  1324
  1347  1369  1391  1413  1436  1458  1480  1502  1525  1547  1570  1591
  1614  1636  1658  1681  1703  1725  1748  1770  1792  1814  1836  1858
  1881  1903  1925  1947  1970  1992  2015  2037  2059  2082  2104  2126
  2149  2171  2193  2215  2238  2260  2282  2304  2326  2349  2371  2393
  2416  2438  2460  2482  2505  2527  2549  2571  2594  2616  2638  2660
  2682  2705  2727  2749  2772  2794  2816  2838  2861  2883  2906  2928
  2950  2972  2995  3017  3039  3061  3084  3106  3128  3150  3173  3195
  3217  3239  3261  3283  3306  3328  3350  3372  3395  3417  3440  3462
  3484  3507  3529  3551  3573  3596  3618  3640  3663  3685  3707  3729
  3752  3774  3796  3818  3841  3863  3885  3907  3930  3952  3974  3996
  4019  4041  4063  4085  4108  4130  4152  4174  4197  4219  4241  4263
  4286  4308  4331  4353  4375  4397  4420  4442  4464  4487  4509  4531
  4553  4575  4598  4620  4642  4664  4687  4708  4731  4754  4776  4798
  4820  4842  4865  4887  4910  4932  4954  4976  4999  5021  5043  5065
  5088  5110  5133  5154  5177  5199  5221  5243  5266  5288  5310  5332
  5355  5377  5400  5422  5444  5466  5489  5511  5533  5555  5578  5600
  5622  5644  5667  5689  5711  5733  5756  5778  5801  5822  5845  5867
  5890  5912  5934  5956  5979  6001  6023  6045  6068  6090  6112  6134
  6156  6179  6201  6223  6245  6268  6290  6312  6334  6357  6379  6401
  6424  6446  6468  6490  6513  6535  6557  6579  6602  6624  6646  6668
  6691  6713  6735  6757  6780  6802  6825  6847  6869  6891  6914  6936
  6958  6980  7003  7025  7047  7069  7092  7114  7136  7158  7181  7203
  7225  7247  7270  7292  7314  7336  7359  7381  7403  7425  7448  7470
  7493  7515  7537  7559  7582  7604  7626  7648  7671  7693  7715  7737
  7760  7782  7804  7826  7849  7871  7893  7915  7938  7960  7982  8004
  8027  8049  8072  8094  8116  8138  8161  8183  8205  8227  8250  8272
  8294  8316  8339  8361  8383  8405  8428  8450  8472  8494  8517  8539
  8561  8584  8606  8628  8650  8673  8695  8717  8739  8762  8784  8806
  8829  8851  8873  8895  8918  8940  8962  8984  9007  9029  9051  9073
  9096  9118  9140  9162  9185  9207  9229  9251  9274  9296  9318  9341
  9363  9385  9407  9429  9452  9474  9496  9519  9541  9563  9586  9608
  9630  9652  9675  9697  9720  9741  9764  9786  9808  9830  9853  9875
  9897  9919  9942  9964  9986 10008 10031 10053 10076 10098 10120 10142
 10165 10187 10209 10231 10254 10276 10298 10321 10343 10365 10388 10409
 10432 10454 10476 10498 10521]

bpm_google: 116

bpm_librosa: 117.45383522727273
            

onset_frames: [   10    22    32 ... 10560 10577 10588]
            

times: [0.00000000e+00 2.32199546e-02 4.64399093e-02 ... 2.48592834e+02
 2.48616054e+02 2.48639274e+02]


'onset_strength: [0. 0. 0. ... 0. 0. 0.]