
Music: Daniel Caesar - Get You
            
Intro: 17 seconds
            

'beats': [  732   771   805   841   876   911   946   981  1016  1051  1085  1121
  1155  1190  1225  1260  1295  1330  1365  1400  1435  1470  1506  1539
  1574  1609  1644  1679  1714  1749  1784  1819  1854  1889  1923  1958
  1993  2028  2063  2097  2132  2168  2203  2238  2273  2307  2343  2378
  2412  2447  2482  2517  2551  2587  2622  2657  2692  2727  2762  2797
  2831  2866  2902  2936  2971  3006  3041  3076  3111  3146  3180  3218
  3250  3285  3320  3355  3390  3425  3459  3494  3529  3565  3600  3635
  3671  3704  3739  3775  3809  3844  3879  3914  3949  3984  4018  4053
  4089  4125  4161  4193  4230  4263  4298  4332  4367  4403  4438  4473
  4507  4542  4577  4612  4647  4682  4717  4752  4787  4822  4857  4891
  4926  4961  4996  5031  5066  5101  5136  5172  5206  5241  5276  5311
  5346  5381  5416  5450  5485  5520  5555  5590  5625  5660  5695  5730
  5765  5800  5835  5870  5904  5939  5974  6009  6044  6079  6114  6149
  6184  6219  6254  6289  6323  6358  6393  6428  6463  6498  6532  6568
  6602  6637  6672  6707  6742  6777  6812  6847  6882  6917  6952  6987
  7023  7057  7092  7127  7161  7196  7231  7266  7301  7336  7370  7406
  7440  7475  7510  7545  7581  7615  7650  7685  7720  7755  7790  7825
  7860  7895  7933  7968  8000  8034  8069  8104  8139  8174  8209  8244
  8279  8314  8349  8384  8419  8453  8488  8523  8558  8593  8627  8663
  8698  8733  8768  8803  8838  8872  8907  8942  8978  9012  9047  9082
  9117  9151  9186  9221  9256  9291  9326  9361  9396  9431  9466  9501
  9536  9571  9606  9641  9675  9710  9745  9780  9816  9850  9885  9920
  9955  9990 10024 10059 10094 10129 10164 10199 10235 10268 10302 10339
 10376 10415 10454 10494 10532 10568 10603 10638 10673 10709 10744 10779
 10814 10850 10889 10927 10964 11001 11038 11075 11109 11144]

bpm_google: 74

bpm_librosa: 147.65625
            

onset_frames: [  177   249   736   770   789   804   825   841   858   911   929   937
   945   980   988   999  1015  1033  1041  1050  1068  1085  1107  1120
  1155  1190  1208  1225  1259  1278  1294  1329  1348  1364  1399  1417
  1469  1487  1496  1504  1525  1539  1548  1557  1574  1609  1627  1644
  1649  1666  1679  1700  1713  1749  1767  1783  1803  1818  1845  1853
  1888  1907  1916  1923  1958  1976  2028  2063  2083  2097  2116  2132
  2137  2168  2202  2222  2238  2272  2274  2307  2325  2342  2377  2412
  2447  2465  2482  2501  2517  2534  2551  2587  2614  2621  2626  2656
  2675  2691  2726  2754  2761  2796  2818  2831  2833  2866  2884  2892
  2900  2902  2927  2936  2945  2953  2975  3006  3032  3040  3075  3092
  3126  3145  3180  3218  3229  3250  3285  3312  3319  3354  3389  3424
  3451  3459  3487  3494  3502  3529  3564  3591  3599  3619  3634  3651
  3671  3684  3704  3734  3739  3774  3787  3808  3843  3871  3878  3913
  3948  3967  3983  4011  4018  4046  4053  4161  4181  4193  4210  4230
  4263  4290  4297  4332  4350  4362  4367  4402  4421  4428  4437  4472
  4484  4501  4507  4516  4542  4558  4568  4577  4599  4612  4618  4630
  4646  4682  4716  4751  4769  4822  4848  4856  4891  4902  4909  4926
  4961  4979  4995  5025  5031  5040  5059  5065  5073  5101  5119  5136
  5172  5191  5200  5205  5241  5259  5275  5310  5380  5415  5435  5449
  5469  5485  5520  5555  5590  5660  5678  5764  5799  5818  5834  5854
  5869  5939  5966  6009  6027  6079  6114  6149  6218  6236  6288  6298
  6327  6427  6445  6478  6484  6497  6516  6532  6567  6581  6602  6637
  6655  6664  6672  6707  6726  6741  6777  6787  6794  6796  6811  6831
  6840  6847  6857  6865  6881  6916  6935  6943  6951  6970  6986  7004
  7056  7075  7091  7126  7140  7145  7161  7196  7214  7223  7230  7265
  7300  7320  7335  7353  7363  7370  7388  7406  7415  7440  7475  7493
  7510  7545  7562  7615  7633  7642  7649  7667  7684  7703  7719  7754
  7773  7789  7824  7859  7894  7913  7933  7999  8034  8069  8104  8121
  8156  8174  8226  8244  8262  8310  8314  8332  8348  8383  8400  8418
  8453  8505  8523  8542  8593  8611  8663  8680  8713  8733  8785  8802
  8821  8872  8907  8942  8958  9012  9030  9065  9122  9221  9239  9272
  9291  9309  9325  9361  9375  9396  9431  9449  9457  9465  9500  9518
  9535  9570  9586  9605  9625  9640  9658  9674  9710  9728  9737  9745
  9780  9797  9834  9850  9885  9889  9920  9935  9954  9989 10008 10017
 10024 10059 10094 10096 10129 10147 10164 10199 10234 10302 10350 10494
 10532 10593 10849 10871 10889 11038 11075 11090 11143 11181]
            

times: [0.00000000e+00 2.32199546e-02 4.64399093e-02 ... 2.70907211e+02
 2.70930431e+02 2.70953651e+02]


'onset_strength: [0. 0. 0. ... 0. 0. 0.]