
Music: Drake - Hotline Bling
            
Intro: 13 seconds
            

'beats': [   7   27   46   65   84  103  122  142  161  180  199  218  237  256
  275  295  314  333  352  371  390  410  429  448  467  486  505  524
  544  563  581  601  620  640  659  677  697  716  735  754  773  793
  812  831  850  869  888  908  927  946  965  984 1003 1022 1041 1061
 1080 1099 1118 1137 1156 1175 1194 1214 1233 1252 1271 1290 1309 1328
 1347 1367 1386 1405 1424 1443 1463 1481 1500 1520 1539 1558 1577 1596
 1616 1635 1654 1673 1692 1711 1730 1749 1770 1789 1809 1827 1845 1864
 1883 1902 1922 1941 1960 1979 1998 2017 2037 2056 2075 2094 2113 2133
 2152 2171 2190 2209 2228 2247 2266 2285 2305 2324 2343 2362 2382 2401
 2420 2439 2458 2477 2496 2515 2535 2554 2573 2592 2611 2630 2649 2668
 2688 2707 2726 2745 2764 2783 2802 2821 2841 2860 2879 2898 2917 2936
 2955 2974 2994 3013 3031 3050 3070 3089 3108 3127 3146 3165 3184 3204
 3223 3242 3261 3280 3299 3318 3337 3357 3376 3395 3414 3433 3452 3472
 3491 3510 3529 3548 3567 3587 3606 3625 3644 3663 3683 3702 3721 3740
 3759 3778 3797 3817 3836 3855 3874 3893 3913 3931 3950 3970 3989 4008
 4027 4046 4066 4085 4104 4123 4142 4161 4180 4199 4220 4240 4259 4277
 4295 4315 4334 4353 4372 4391 4410 4429 4448 4467 4486 4506 4525 4544
 4563 4582 4601 4621 4640 4659 4678 4697 4716 4736 4755 4774 4793 4812
 4833 4852 4871 4890 4908 4927 4946 4965 4984 5004 5023 5042 5061 5080
 5099 5118 5138 5157 5176 5195 5214 5233 5252 5271 5291 5310 5329 5348
 5367 5386 5405 5424 5444 5463 5482 5501 5520 5539 5558 5577 5597 5616
 5635 5655 5674 5693 5712 5731 5750 5769 5788 5808 5827 5846 5865 5884
 5903 5922 5941 5960 5980 5999 6018 6037 6056 6075 6095 6114 6133 6152
 6171 6190 6209 6228 6247 6267 6286 6305 6324 6343 6363 6381 6400 6420
 6439 6458 6477 6496 6516 6535 6554 6573 6592 6611 6630 6649 6670 6689
 6709 6729 6748 6766 6785 6804 6822 6843 6863 6883 6903 6922 6940 6959
 6977 6997 7016 7036 7056 7074 7093 7112 7132 7152 7170 7189 7208 7227
 7247 7266 7285 7304 7323 7342 7362 7381 7400 7418 7438 7458 7478 7496
 7515 7535 7555 7574 7593 7611 7630 7649 7667 7686 7705 7723 7741 7759
 7777 7795 7813 7831 7851 7872 7891 7911 7931 7950 7970 7989 8008 8027
 8046 8065 8084 8104 8123 8142 8161 8180 8199 8218 8238 8257 8276 8295
 8314 8333 8352 8372 8391 8410 8429 8448 8467 8487 8506 8525 8544 8563
 8583 8602 8621 8640 8659 8678 8697 8717 8736 8755 8774 8793 8813 8831
 8850 8870 8889 8908 8927 8946 8966 8985 9004 9023 9042 9061 9080 9099
 9120 9139 9159 9177 9195 9214 9233 9252 9271 9291 9310 9329 9348 9367
 9386 9405 9425 9444 9463 9482 9501 9520 9539]

bpm_google: 135

bpm_librosa: 135.99917763157896
            

onset_frames: [   7   17   26   36   46   55   65   74   84   94  103  113  122  135
  142  161  179  189  199  208  218  227  237  247  256  266  269  274
  285  295  307  311  314  323  332  342  352  361  371  381  390  400
  409  419  428  438  447  467  476  486  495  505  514  524  534  543
  553  563  572  581  594  601  611  620  639  649  658  668  677  687
  697  706  715  725  734  745  754  764  773  783  792  802  811  821
  831  841  850  859  868  878  888  898  907  914  917  926  946  955
  964  974  983  993 1003 1012 1022 1031 1041 1051 1070 1079 1089 1098
 1108 1117 1128 1137 1147 1156 1166 1175 1184 1194 1204 1214 1223 1232
 1242 1252 1262 1270 1280 1289 1300 1309 1318 1328 1338 1347 1357 1367
 1376 1386 1396 1405 1415 1423 1433 1443 1453 1462 1471 1481 1491 1500
 1510 1520 1529 1539 1549 1558 1568 1577 1587 1596 1606 1615 1625 1634
 1644 1653 1663 1673 1682 1692 1702 1711 1721 1730 1740 1749 1759 1770
 1779 1789 1798 1809 1817 1826 1834 1845 1855 1864 1873 1883 1893 1902
 1912 1922 1931 1941 1950 1957 1960 1970 1979 1989 1998 2008 2017 2027
 2036 2046 2055 2065 2075 2084 2094 2104 2113 2123 2132 2142 2151 2161
 2170 2180 2189 2199 2208 2218 2228 2238 2247 2257 2266 2276 2285 2292
 2295 2304 2323 2333 2343 2352 2361 2371 2382 2391 2400 2410 2420 2429
 2438 2457 2467 2477 2486 2495 2505 2515 2525 2534 2544 2553 2563 2572
 2582 2591 2601 2611 2621 2630 2639 2648 2658 2668 2678 2687 2697 2706
 2716 2725 2735 2745 2755 2763 2774 2783 2792 2802 2812 2821 2831 2840
 2850 2860 2869 2878 2889 2898 2908 2917 2927 2936 2946 2955 2965 2974
 2984 2993 3003 3023 3031 3044 3054 3061 3069 3089 3098 3108 3117 3126
 3136 3146 3156 3165 3175 3184 3194 3204 3215 3222 3232 3242 3251 3261
 3280 3290 3299 3309 3318 3328 3337 3347 3356 3367 3376 3395 3404 3414
 3424 3433 3442 3452 3462 3471 3481 3490 3494 3510 3514 3529 3548 3567
 3586 3596 3605 3615 3624 3634 3643 3646 3654 3663 3667 3674 3682 3692
 3702 3712 3720 3730 3740 3750 3759 3769 3778 3788 3797 3807 3817 3826
 3836 3846 3855 3860 3865 3873 3883 3893 3903 3912 3922 3931 3941 3950
 3960 3970 3979 3989 3999 4008 4018 4027 4037 4046 4056 4065 4075 4084
 4094 4103 4113 4123 4133 4142 4152 4161 4171 4180 4190 4199 4209 4220
 4230 4239 4248 4259 4267 4276 4295 4305 4314 4324 4333 4343 4352 4362
 4369 4372 4381 4390 4400 4410 4420 4429 4439 4448 4458 4467 4477 4486
 4496 4505 4515 4525 4534 4544 4554 4563 4573 4582 4589 4592 4601 4611
 4620 4630 4639 4649 4658 4668 4678 4687 4697 4706 4715 4726 4745 4754
 4774 4783 4792 4802 4811 4821 4832 4842 4852 4861 4871 4879 4889 4907
 4917 4927 4936 4945 4955 4965 4975 4984 4993 5003 5013 5022 5032 5042
 5051 5061 5080 5089 5099 5109 5118 5128 5137 5147 5156 5166 5175 5195
 5205 5213 5233 5242 5252 5262 5271 5281 5290 5300 5310 5319 5328 5339
 5348 5357 5367 5377 5383 5386 5396 5405 5415 5424 5434 5443 5453 5473
 5481 5494 5512 5520 5539 5549 5558 5568 5577 5587 5596 5606 5615 5625
 5635 5645 5665 5673 5692 5702 5711 5730 5740 5750 5759 5768 5778 5788
 5798 5807 5817 5826 5846 5855 5864 5874 5883 5893 5903 5912 5922 5931
 5941 5951 5964 5979 5989 5998 6008 6018 6037 6046 6056 6066 6075 6085
 6094 6104 6117 6123 6132 6142 6152 6162 6170 6180 6190 6197 6200 6209
 6219 6228 6238 6247 6257 6267 6276 6286 6296 6305 6315 6323 6333 6343
 6353 6362 6372 6381 6391 6400 6410 6420 6429 6439 6449 6458 6468 6477
 6487 6496 6506 6515 6525 6534 6544 6553 6563 6573 6583 6592 6602 6611
 6621 6630 6640 6649 6659 6670 6689 6709 6729 6737 6745 6756 6777 6785
 6804 6822 6844 6862 6876 6894 6902 6910 6939 6958 6967 6975 6977 6998
 7031 7044 7051 7056 7073 7091 7102 7112 7128 7152 7183 7189 7207 7217
 7247 7259 7266 7281 7304 7313 7323 7337 7358 7362 7399 7418 7425 7434
 7478 7496 7501 7515 7554 7562 7574 7580 7606 7617 7630 7648 7653 7659
 7664 7705 7722 7740 7752 7783 7794 7804 7823 7830 7842 7861 7895 7904
 7924 7931 7944 7962 7969 7989 7998 8008 8017 8026 8036 8046 8056 8065
 8075 8084 8094 8115 8122 8132 8142 8151 8161 8180 8190 8199 8209 8218
 8228 8237 8247 8256 8275 8295 8305 8314 8324 8333 8342 8352 8362 8371
 8381 8390 8394 8410 8415 8429 8448 8458 8467 8477 8486 8496 8505 8515
 8524 8534 8544 8554 8563 8567 8582 8592 8602 8612 8620 8630 8640 8650
 8659 8669 8678 8688 8697 8707 8717 8726 8736 8746 8755 8765 8773 8783
 8793 8803 8812 8822 8831 8841 8850 8860 8870 8879 8888 8899 8908 8918
 8927 8937 8946 8956 8965 8975 8984 8994 9003 9013 9023 9033 9042 9052
 9061 9071 9080 9090 9099 9109 9120 9129 9139 9148 9159 9167 9176 9184
 9195 9204 9214 9223 9233 9243 9252 9262 9271 9281 9290 9300 9310 9319
 9329 9338 9348 9357 9367 9376 9386 9396 9405 9415 9424 9434 9443 9453
 9463 9472 9482 9491 9501 9510 9520 9530 9539 9549 9558]
            

times: [0.00000000e+00 2.32199546e-02 4.64399093e-02 ... 2.22029206e+02
 2.22052426e+02 2.22075646e+02]


'onset_strength: [0.         0.         0.         ... 0.02411457 0.09559472 0.18422821]