
Music: Dua Lipa - New Rules
            
Intro: 1 seconds
            

'beats': [  27   49   77  100  122  144  166  189  211  233  255  278  300  322
  344  361  378  402  423  447  468  491  512  534  556  578  600  623
  645  668  690  712  734  757  779  801  824  846  868  891  913  935
  957  979 1002 1024 1046 1069 1091 1115 1139 1163 1187 1208 1235 1258
 1280 1302 1324 1342 1364 1386 1404 1425 1448 1470 1492 1514 1537 1559
 1581 1604 1626 1648 1670 1692 1715 1737 1759 1782 1804 1827 1848 1871
 1893 1916 1938 1961 1982 2004 2026 2049 2071 2093 2115 2138 2160 2182
 2204 2227 2249 2272 2294 2316 2338 2360 2383 2405 2428 2450 2472 2495
 2517 2539 2562 2584 2606 2628 2650 2672 2695 2717 2739 2761 2784 2806
 2828 2850 2873 2895 2917 2939 2962 2985 3006 3029 3051 3074 3096 3118
 3140 3163 3185 3207 3229 3252 3274 3296 3314 3333 3352 3374 3396 3418
 3441 3463 3485 3507 3529 3552 3574 3597 3619 3641 3663 3685 3708 3730
 3753 3775 3797 3819 3842 3864 3886 3908 3931 3953 3976 3998 4020 4042
 4064 4087 4109 4131 4154 4176 4198 4220 4242 4264 4287 4309 4332 4355
 4378 4399 4421 4443 4466 4488 4510 4532 4555 4577 4599 4621 4644 4666
 4688 4710 4728 4750 4771 4789 4811 4833 4856 4878 4900 4922 4945 4967
 4989 5012 5034 5056 5079 5101 5123 5146 5168 5190 5212 5234 5256 5279
 5301 5323 5345 5368 5391 5412 5434 5457 5479 5501 5523 5546 5569 5590
 5613 5635 5658 5680 5702 5725 5747 5769 5791 5813 5836 5858 5880 5903
 5925 5947 5969 5992 6014 6036 6058 6082 6103 6125 6147 6170 6192 6214
 6236 6259 6281 6303 6325 6348 6370 6392 6415 6439 6460 6481 6504 6527
 6549 6571 6593 6615 6638 6660 6682 6704 6727 6749 6771 6793 6816 6838
 6860 6882 6905 6927 6950 6972 6994 7016 7038 7061 7083 7105 7128 7150
 7172 7194 7217 7239 7261 7283 7306 7328 7350 7373 7395 7417 7439 7461
 7484 7506 7529 7551 7573 7596 7618 7640 7662 7685 7707 7729 7751 7774
 7796 7818 7840 7863 7885 7907 7929 7952 7974 7996 8018 8041 8064 8085
 8107 8130 8152 8174 8197 8219 8242 8263 8286 8309 8331 8353 8375 8398
 8420 8442 8464 8487 8509 8531 8553 8576 8598 8620 8642 8665 8687 8709
 8731 8754 8776 8798]

bpm_google: 116

bpm_librosa: 117.45383522727273
            

onset_frames: [  32   49   66   77   94  100  110  121  138  155  166  182  189  199
  211  227  244  255  272  278  283  288  300  316  333  344  361  367
  378  386  389  402  406  414  422  433  446  450  457  467  478  492
  495  512  522  539  556  567  583  600  612  628  635  645  655  657
  668  673  690  701  718  723  734  745  756  762  767  779  790  801
  807  823  832  835  845  852  857  868  874  879  896  902  913  924
  934  940  946  956  968  979  985 1002 1013 1022 1030 1035 1046 1057
 1074 1080 1091 1099 1102 1119 1136 1146 1163 1170 1180 1186 1208 1225
 1235 1252 1258 1269 1280 1297 1313 1324 1341 1347 1358 1369 1386 1403
 1414 1420 1424 1431 1435 1447 1458 1475 1492 1503 1514 1520 1526 1536
 1543 1548 1564 1580 1591 1609 1614 1619 1625 1636 1647 1653 1658 1669
 1681 1692 1698 1704 1709 1714 1726 1737 1742 1748 1759 1770 1787 1804
 1815 1822 1831 1837 1842 1848 1854 1859 1865 1871 1876 1882 1892 1900
 1904 1911 1921 1926 1937 1944 1949 1954 1961 1966 1971 1982 1992 2009
 2016 2021 2026 2037 2044 2054 2071 2082 2099 2105 2115 2127 2133 2143
 2160 2171 2187 2194 2199 2204 2216 2232 2249 2255 2260 2277 2283 2288
 2293 2305 2311 2321 2338 2346 2349 2357 2365 2372 2378 2383 2388 2393
 2400 2405 2411 2416 2427 2438 2446 2450 2455 2461 2472 2482 2494 2517
 2538 2550 2595 2614 2617 2622 2627 2634 2638 2650 2657 2662 2672 2679
 2683 2694 2705 2717 2728 2739 2751 2761 2772 2784 2806 2816 2828 2840
 2850 2861 2873 2884 2902 2906 2917 2929 2939 2950 2957 2962 2984 2995
 3006 3013 3018 3028 3039 3051 3062 3074 3084 3095 3102 3107 3117 3129
 3140 3163 3173 3184 3196 3206 3217 3229 3240 3252 3258 3262 3274 3296
 3307 3319 3340 3346 3351 3358 3363 3373 3391 3396 3408 3418 3430 3435
 3440 3451 3462 3480 3485 3496 3507 3524 3529 3540 3552 3569 3574 3585
 3596 3613 3619 3630 3641 3658 3663 3674 3685 3702 3708 3719 3730 3741
 3747 3752 3763 3774 3787 3792 3797 3809 3818 3836 3841 3853 3863 3880
 3886 3896 3908 3919 3925 3931 3942 4020 4032 4042 4059 4064 4076 4086
 4104 4109 4120 4126 4131 4148 4153 4164 4175 4193 4198 4203 4209 4220
 4231 4237 4242 4253 4259 4264 4275 4282 4287 4293 4298 4309 4320 4326
 4343 4371 4399 4415 4421 4427 4432 4438 4443 4450 4455 4460 4466 4476
 4483 4488 4495 4505 4510 4521 4532 4538 4546 4555 4566 4576 4593 4599
 4610 4621 4628 4638 4644 4654 4665 4683 4688 4699 4710 4717 4722 4727
 4733 4744 4750 4755 4771 4777 4783 4788 4799 4816 4822 4833 4839 4844
 4861 4867 4872 4877 4889 4895 4900 4905 4911 4922 4929 4933 4941 4949
 4956 4961 4967 4972 4978 4984 4989 4995 5000 5011 5022 5030 5033 5039
 5045 5056 5066 5078 5101 5122 5134 5146 5179 5198 5201 5206 5211 5218
 5222 5234 5241 5246 5256 5263 5267 5279 5289 5312 5323 5330 5335 5345
 5356 5363 5368 5390 5400 5412 5419 5424 5434 5445 5457 5467 5480 5486
 5490 5501 5513 5523 5534 5541 5546 5568 5579 5590 5612 5623 5635 5646
 5658 5668 5679 5686 5691 5701 5713 5724 5747 5753 5757 5768 5780 5790
 5801 5813 5824 5836 5842 5846 5858 5870 5880 5891 5897 5903 5930 5946
 5969 5992 6002 6020 6036 6058 6082 6091 6109 6114 6125 6147 6158 6180
 6198 6203 6214 6221 6236 6242 6248 6253 6269 6287 6303 6316 6325 6349
 6359 6376 6392 6414 6420 6432 6439 6448 6481 6504 6510 6527 6537 6549
 6554 6559 6566 6571 6581 6599 6604 6615 6626 6643 6648 6654 6660 6671
 6682 6688 6693 6704 6715 6733 6738 6749 6760 6766 6771 6777 6782 6793
 6804 6821 6827 6838 6849 6860 6866 6871 6878 6882 6893 6905 6911 6916
 6927 6938 6944 6950 6955 6960 6971 6977 6983 6999 7005 7011 7016 7027
 7038 7044 7060 7072 7089 7094 7100 7105 7116 7122 7133 7150 7161 7172
 7178 7183 7189 7194 7200 7205 7212 7217 7222 7228 7239 7250 7261 7267
 7272 7283 7294 7306 7328 7350 7361 7407 7426 7428 7434 7439 7446 7450
 7461 7483 7494 7506 7517 7529 7539 7550 7562 7573 7584 7595 7618 7628
 7639 7662 7673 7685 7695 7707 7717 7729 7741 7751 7762 7769 7774 7796
 7806 7818 7840 7851 7863 7873 7892 7896 7907 7914 7919 7929 7940 7952
 7984 7996 8018 8029 8041 8052 8070 8074 8085 8097 8107 8118 8125 8130
 8159 8163 8174 8196 8207 8219 8230 8241 8252 8263 8270 8275 8285 8296
 8303 8308 8331 8341 8352 8364 8375 8385 8397 8408 8420 8430 8441 8453
 8464 8475 8481 8486 8509 8519 8530 8553 8564 8575 8586 8598 8608 8620
 8631 8642 8653 8660 8665 8687 8697 8709 8721 8731 8742 8754 8764 8776
 8786 8798 8805 8810 8816 8820 8827 8831 8838 8843]
            

times: [0.00000000e+00 2.32199546e-02 4.64399093e-02 ... 2.09327891e+02
 2.09351111e+02 2.09374331e+02]


'onset_strength: [0. 0. 0. ... 0. 0. 0.]