
Music: Dua Lipa - Levitating Featuring DaBaby
            
Intro: 5 seconds
            

'beats': [  27   53   78  103  128  153  178  201  227  252  278  302  328  353
  378  402  428  453  478  503  528  553  579  603  628  653  679  704
  729  754  779  804  830  854  880  904  930  954  980 1004 1030 1055
 1081 1105 1131 1156 1181 1205 1231 1256 1281 1306 1331 1357 1382 1406
 1432 1457 1482 1507 1532 1557 1582 1607 1633 1657 1682 1707 1732 1758
 1783 1808 1833 1858 1883 1908 1934 1959 1984 2008 2034 2058 2084 2109
 2133 2159 2184 2209 2235 2261 2287 2311 2336 2360 2380 2404 2428 2459
 2486 2509 2536 2561 2587 2610 2636 2661 2686 2710 2736 2761 2786 2811
 2837 2861 2887 2911 2937 2962 2987 3012 3037 3062 3087 3112 3137 3162
 3188 3212 3238 3263 3287 3312 3338 3363 3388 3413 3437 3463 3489 3514
 3539 3564 3589 3614 3639 3664 3690 3714 3740 3770 3791 3815 3840 3865
 3891 3915 3941 3966 3991 4015 4041 4066 4091 4116 4141 4166 4191 4216
 4241 4266 4292 4317 4342 4367 4392 4417 4442 4467 4492 4517 4542 4568
 4593 4617 4643 4668 4693 4718 4743 4768 4794 4818 4844 4868 4893 4918
 4943 4969 4994 5019 5044 5069 5095 5119 5145 5170 5195 5220 5245 5270
 5295 5320 5345 5370 5396 5420 5446 5470 5496 5521 5546 5571 5596 5621
 5646 5671 5696 5721 5747 5772 5797 5822 5847 5872 5897 5922 5947 5972
 5997 6022 6048 6072 6097 6123 6148 6173 6198 6223 6248 6273 6299 6324
 6349 6374 6399 6424 6449 6474 6499 6524 6549 6574 6600 6624 6649 6675
 6700 6725 6751 6776 6801 6826 6851 6876 6901 6926 6951 6977 7001 7027
 7051 7076 7101 7126 7151 7177 7202 7227 7252 7277 7302 7327 7351 7377
 7403 7428 7453 7477 7503 7528 7553 7578 7603 7628 7654 7678 7704 7728
 7754 7779 7804 7829 7854 7879 7905 7929 7955 7979 8005 8029 8055 8080
 8105 8130 8155 8180 8205 8230 8255 8280 8306 8331 8356 8381 8406 8431
 8456 8481 8506 8531 8556 8582 8607 8631 8655 8678 8702 8726 8749 8774
 8799 8824 8850 8875 8899 8925 8950 8975 9000 9025 9050 9076 9100 9125
 9150 9175 9200 9225 9250 9275 9300 9325 9350 9375 9400 9425 9451 9476
 9501]

bpm_google: 103

bpm_librosa: 103.359375
            

onset_frames: [  26   52  103  128  188  200  214  226  234  252  259  265  272  277
  290  296  301  316  322  327  333  338  345  347  352  365  378  390
  401  416  421  440  447  452  466  472  478  490  497  502  510  516
  522  528  534  540  547  553  565  578  586  590  602  611  617  628
  648  653  667  678  692  698  703  711  717  729  741  748  754  766
  779  785  791  803  817  824  829  836  843  849  854  861  867  880
  887  892  903  912  917  929  937  943  948  954  962  968  978  980
  992 1004 1018 1025 1030 1048 1050 1055 1068 1080 1098 1105 1118 1131
 1149 1155 1163 1170 1181 1192 1200 1205 1218 1231 1249 1255 1269 1281
 1299 1306 1319 1331 1345 1357 1369 1382 1394 1406 1412 1418 1432 1456
 1470 1482 1506 1519 1531 1557 1570 1577 1582 1607 1614 1619 1632 1657
 1670 1682 1702 1707 1720 1731 1751 1758 1771 1783 1795 1801 1807 1820
 1833 1857 1871 1883 1908 1921 1933 1953 1958 1971 1983 1996 2008 2015
 2021 2034 2058 2071 2083 2103 2108 2121 2132 2153 2159 2172 2184 2196
 2203 2209 2222 2253 2261 2278 2292 2299 2304 2311 2324 2336 2351 2359
 2367 2373 2378 2380 2398 2404 2410 2416 2427 2459 2466 2486 2490 2503
 2508 2522 2531 2536 2550 2559 2561 2568 2574 2580 2587 2597 2610 2624
 2631 2636 2650 2660 2669 2673 2680 2686 2692 2699 2705 2710 2724 2731
 2736 2744 2749 2756 2761 2774 2781 2786 2792 2798 2810 2824 2831 2837
 2845 2850 2857 2861 2874 2887 2894 2899 2910 2920 2924 2932 2936 2945
 2949 2955 2961 2970 2974 2987 2994 2998 3006 3011 3019 3025 3037 3050
 3061 3074 3087 3099 3107 3111 3125 3136 3150 3162 3175 3183 3188 3195
 3200 3207 3212 3225 3232 3244 3257 3262 3274 3287 3295 3300 3307 3312
 3324 3331 3335 3338 3345 3350 3357 3362 3375 3388 3400 3408 3413 3426
 3432 3437 3448 3458 3463 3470 3475 3486 3489 3502 3507 3513 3526 3538
 3558 3563 3572 3577 3589 3601 3609 3613 3626 3639 3650 3659 3663 3689
 3703 3710 3714 3722 3726 3735 3740 3759 3770 3777 3784 3790 3797 3800
 3814 3822 3828 3840 3858 3865 3877 3890 3908 3915 3929 3941 3958 3965
 3973 3979 3990 4002 4010 4015 4028 4041 4058 4065 4079 4091 4109 4115
 4129 4141 4154 4166 4191 4203 4216 4222 4228 4266 4280 4291 4316 4329
 4341 4361 4366 4379 4386 4392 4404 4416 4423 4429 4442 4467 4480 4492
 4512 4517 4530 4541 4561 4567 4580 4593 4605 4611 4617 4630 4643 4667
 4681 4693 4717 4731 4743 4763 4768 4781 4788 4793 4806 4818 4825 4831
 4843 4868 4881 4893 4913 4918 4931 4942 4963 4969 4982 4994 5006 5012
 5018 5032 5045 5069 5095 5119 5132 5145 5163 5169 5182 5195 5207 5219
 5232 5245 5269 5289 5295 5320 5333 5345 5370 5396 5408 5420 5433 5446
 5496 5520 5533 5546 5570 5577 5583 5596 5608 5621 5628 5633 5647 5671
 5690 5696 5716 5721 5734 5747 5772 5797 5821 5834 5847 5860 5871 5878
 5885 5889 5896 5910 5922 5935 5947 5960 5966 5972 5983 5991 5996 6009
 6022 6036 6042 6048 6055 6061 6067 6072 6084 6096 6110 6122 6136 6147
 6167 6173 6198 6210 6223 6249 6273 6281 6286 6298 6312 6323 6336 6349
 6362 6368 6373 6385 6399 6411 6423 6436 6445 6449 6457 6468 6473 6487
 6497 6499 6511 6524 6538 6548 6574 6587 6600 6612 6624 6667 6688 6700
 6718 6725 6731 6739 6750 6768 6773 6777 6783 6789 6800 6819 6825 6832
 6837 6851 6864 6869 6875 6882 6889 6901 6908 6914 6919 6933 6938 6951
 6963 6976 6989 6996 7001 7008 7013 7026 7038 7072 7100 7102 7151 7171
 7196 7202 7222 7233 7240 7253 7301 7315 7321 7345 7351 7360 7371 7389
 7440 7452 7503 7527 7540 7553 7572 7577 7590 7603 7615 7640 7654 7677
 7697 7703 7728 7741 7754 7778 7804 7816 7828 7854 7878 7892 7904 7929
 7942 7955 7979 7985 7991 8004 8017 8029 8036 8041 8055 8079 8093 8098
 8104 8129 8143 8155 8180 8205 8229 8237 8243 8280 8293 8306 8330 8343
 8355 8381 8393 8406 8418 8431 8443 8456 8480 8494 8506 8531 8544 8555
 8576 8581 8594 8606 8619 8625 8631 8644 8749 8768 8774 8787 8794 8799
 8818 8824 8837 8844 8849 8868 8874 8887 8894 8899 8918 8924 8938 8944
 8949 8962 8969 8974 8988 8999 9007 9013 9019 9025 9037 9045 9050 9057
 9063 9075 9088 9095 9100 9107 9112 9125 9150 9169 9174 9188 9199 9219
 9224 9238 9245 9250 9269 9275 9288 9295 9300 9319 9325 9332 9338 9345
 9350 9363 9370 9375 9388 9400 9408 9413 9419 9425 9432 9438 9445 9450
 9458 9463 9476 9489 9496 9501 9508 9513 9526 9652]
            

times: [0.00000000e+00 2.32199546e-02 4.64399093e-02 ... 2.30109751e+02
 2.30132971e+02 2.30156190e+02]


'onset_strength: [0. 0. 0. ... 0. 0. 0.]