
Music: Dua Lipa - Break My Heart
            
Intro: 26 seconds
            

'beats': [  11   33   56   79  102  125  147  170  193  216  239  262  285  307
  330  353  374  394  419  444  469  493  514  536  558  580  605  629
  652  674  697  720  742  764  784  809  835  857  880  903  926  949
  971  994 1017 1040 1063 1085 1108 1131 1154 1177 1200 1222 1245 1268
 1291 1314 1337 1360 1382 1405 1428 1451 1474 1497 1520 1543 1566 1588
 1611 1634 1657 1680 1703 1726 1749 1771 1794 1817 1840 1863 1885 1908
 1932 1955 1978 2001 2024 2047 2070 2092 2115 2138 2161 2183 2206 2229
 2252 2275 2298 2321 2343 2365 2389 2412 2435 2457 2480 2503 2526 2549
 2571 2594 2615 2636 2658 2679 2700 2721 2745 2773 2798 2818 2840 2864
 2889 2915 2938 2960 2983 3006 3029 3052 3075 3097 3120 3143 3166 3189
 3212 3235 3258 3280 3303 3325 3349 3372 3395 3418 3441 3463 3486 3509
 3532 3554 3578 3600 3624 3646 3669 3692 3715 3737 3761 3784 3807 3829
 3852 3875 3898 3921 3944 3967 3990 4012 4035 4058 4081 4104 4127 4149
 4172 4195 4218 4241 4264 4286 4310 4332 4355 4378 4401 4423 4447 4469
 4493 4515 4538 4561 4584 4606 4630 4652 4675 4698 4721 4744 4767 4789
 4813 4835 4858 4881 4904 4927 4950 4973 4995 5018 5042 5065 5088 5111
 5134 5156 5179 5202 5225 5248 5271 5293 5316 5339 5362 5385 5408 5431
 5453 5475 5499 5522 5545 5567 5590 5613 5636 5659 5681 5704 5725 5746
 5768 5796 5819 5842 5865 5887 5910 5933 5956 5979 6002 6025 6048 6070
 6093 6116 6139 6162 6185 6207 6230 6253 6276 6299 6322 6345 6368 6390
 6413 6435 6459 6482 6505 6528 6551 6573 6596 6619 6642 6665 6688 6711
 6734 6756 6779 6802 6825 6848 6871 6893 6917 6939 6962 6985 7008 7031
 7054 7077 7099 7122 7145 7168 7191 7214 7237 7260 7283 7306 7329 7352
 7374 7397 7420 7443 7464 7488 7511 7534 7557 7580 7603 7625 7647 7669
 7692 7714 7737 7759 7781 7803 7826 7849 7871 7892 7911 7931 7951 7971
 7991 8014 8037 8060 8083 8106 8128 8151 8174 8197 8219 8243 8265 8289
 8311 8334 8357 8380 8402 8426 8448 8472 8494 8517 8540 8563 8586 8609
 8632 8655 8677 8700 8723 8746 8768 8792 8814 8837 8860 8883 8906 8929
 8951 8974 8997 9020 9043 9066 9088 9108 9130 9151 9175 9198 9224 9246
 9266 9287 9308 9329 9352 9374 9399 9423 9447]

bpm_google: 113

bpm_librosa: 112.34714673913044
            

onset_frames: [  10   33   56   78   96  101  113  124  147  159  169  182  193  216
  239  261  274  280  284  291  296  302  307  320  325  330  353  393
  409  419  450  469  472  492  530  536  549  560  580  589  614  624
  636  647  652  673  714  720  730  747  763  775  783  788  806  816
  828  835  856  897  902  948  971  994 1011 1029 1040 1046 1051 1057
 1063 1074 1080 1084 1096 1108 1115 1120 1131 1141 1151 1154 1161 1172
 1177 1199 1222 1234 1245 1263 1268 1274 1280 1291 1301 1310 1314 1323
 1333 1337 1355 1360 1366 1382 1394 1400 1405 1417 1428 1445 1451 1463
 1474 1483 1490 1497 1504 1520 1527 1542 1565 1577 1588 1600 1611 1623
 1634 1646 1657 1669 1680 1686 1691 1702 1709 1714 1725 1748 1759 1771
 1778 1783 1789 1794 1805 1816 1828 1841 1895 1943 1955 2001 2036 2086
 2132 2193 2260 2365 2377 2498 2537 2594 2614 2649 2657 2664 2675 2686
 2720 2726 2744 2755 2773 2777 2798 2818 2829 2840 2846 2864 2869 2903
 2915 2927 2937 2955 2960 2972 2983 2995 3005 3018 3023 3029 3041 3051
 3069 3075 3086 3091 3097 3109 3120 3143 3166 3178 3188 3201 3212 3235
 3245 3258 3312 3324 3349 3371 3384 3395 3407 3417 3441 3447 3452 3457
 3463 3475 3486 3498 3504 3508 3521 3532 3544 3554 3567 3572 3578 3590
 3600 3618 3624 3629 3634 3646 3658 3691 3704 3715 3727 3737 3754 3760
 3783 3801 3807 3818 3824 3828 3852 3875 3898 3920 3933 3944 3961 3966
 3977 3989 4058 4081 4103 4117 4126 4138 4149 4172 4189 4195 4207 4213
 4218 4230 4235 4240 4250 4263 4281 4286 4309 4332 4344 4355 4367 4372
 4377 4390 4401 4412 4422 4432 4447 4454 4464 4469 4479 4492 4504 4515
 4538 4550 4560 4573 4584 4606 4629 4636 4646 4652 4670 4675 4698 4710
 4721 4738 4743 4767 4789 4801 4812 4824 4834 4853 4858 4870 4881 4904
 4915 4927 5065 5110 5303 5371 5475 5488 5704 5724 5759 5767 5773 5785
 5790 5796 5802 5807 5813 5830 5836 5841 5865 5887 5899 5910 5922 5932
 5945 5951 5956 5968 5978 5996 6002 6013 6024 6048 6070 6082 6093 6115
 6128 6133 6139 6161 6179 6185 6191 6196 6202 6207 6230 6253 6276 6299
 6311 6322 6345 6355 6368 6422 6434 6459 6481 6494 6499 6505 6527 6551
 6557 6562 6568 6573 6585 6596 6608 6614 6619 6631 6642 6654 6664 6677
 6682 6688 6700 6710 6728 6734 6740 6744 6779 6801 6814 6825 6837 6847
 6860 6865 6871 6893 6911 6917 6922 6933 6939 6962 6985 7008 7031 7054
 7087 7099 7463 7669 7803 7892 7930 7991 8003 8014 8026 8036 8048 8054
 8060 8072 8082 8106 8112 8117 8123 8128 8140 8151 8163 8169 8174 8186
 8197 8209 8219 8232 8237 8243 8265 8289 8294 8300 8323 8334 8346 8357
 8369 8380 8402 8414 8420 8426 8448 8460 8466 8472 8477 8483 8488 8494
 8506 8517 8563 8585 8609 8642 8655 8722 8746 8768 8781 8792 8814 8837
 8843 8848 8854 8860 8872 8883 8895 8905 8918 8929 8951 8963 8969 8975
 8986 9020 9026 9031 9055 9066 9088 9151 9157 9192 9197 9213 9220 9224
 9236 9248 9280 9328 9341 9357 9373 9387 9399 9404 9421 9447]
            

times: [0.00000000e+00 2.32199546e-02 4.64399093e-02 ... 2.22331066e+02
 2.22354286e+02 2.22377506e+02]


'onset_strength: [0. 0. 0. ... 0. 0. 0.]