
Music: Eminem - Godzilla
            
Intro: 13 seconds
            

'beats': [   9   26   43   60   76   92  108  125  141  157  173  188  204  220
  235  250  266  282  299  314  328  343  360  375  391  407  423  439
  455  470  485  500  516  532  547  563  578  593  608  624  639  654
  670  686  701  716  733  749  764  780  795  811  826  842  857  873
  889  904  920  936  951  967  982  998 1013 1029 1044 1060 1075 1091
 1107 1122 1137 1153 1169 1184 1200 1216 1232 1247 1262 1278 1293 1308
 1324 1340 1356 1371 1387 1402 1418 1433 1449 1465 1480 1496 1511 1527
 1543 1559 1574 1590 1606 1621 1637 1652 1668 1684 1700 1715 1730 1746
 1762 1777 1793 1808 1824 1840 1855 1870 1886 1901 1916 1931 1946 1961
 1977 1994 2010 2026 2041 2057 2072 2087 2103 2119 2134 2150 2166 2181
 2196 2212 2227 2243 2258 2274 2290 2305 2321 2336 2352 2368 2383 2399
 2414 2430 2445 2461 2476 2492 2507 2523 2539 2554 2570 2585 2601 2617
 2632 2647 2663 2679 2694 2709 2725 2741 2756 2772 2788 2804 2819 2834
 2850 2866 2881 2897 2912 2928 2943 2959 2975 2990 3006 3021 3037 3052
 3068 3084 3100 3115 3130 3146 3162 3177 3192 3208 3223 3239 3255 3270
 3286 3302 3317 3333 3348 3364 3379 3396 3411 3426 3441 3456 3472 3489
 3505 3520 3535 3552 3566 3582 3598 3613 3629 3645 3660 3676 3692 3707
 3723 3739 3754 3769 3785 3801 3816 3832 3847 3863 3879 3894 3909 3924
 3939 3954 3969 3986 4003 4018 4034 4049 4064 4080 4095 4111 4126 4142
 4158 4174 4189 4205 4220 4235 4251 4267 4282 4298 4313 4329 4344 4360
 4375 4391 4406 4422 4438 4454 4469 4485 4500 4516 4531 4547 4562 4578
 4594 4609 4624 4640 4656 4671 4687 4702 4718 4733 4749 4764 4780 4796
 4811 4827 4842 4858 4873 4889 4905 4920 4936 4951 4967 4982 4998 5014
 5029 5044 5060 5076 5092 5108 5123 5139 5154 5170 5185 5201 5215 5230
 5247 5263 5279 5295 5310 5326 5341 5356 5372 5387 5403 5418 5434 5450
 5465 5481 5496 5511 5527 5543 5559 5575 5589 5605 5621 5636 5652 5667
 5683 5699 5714 5730 5745 5761 5776 5792 5807 5823 5839 5854 5870 5886
 5901 5916 5932 5948 5963 5979 5995 6010 6026 6040 6056 6072 6088 6103
 6119 6135 6150 6166 6181 6197 6212 6228 6243 6259 6274 6290 6306 6321
 6337 6352 6367 6384 6399 6415 6430 6446 6461 6477 6493 6508 6524 6540
 6555 6570 6586 6602 6617 6633 6649 6664 6679 6695 6711 6726 6742 6757
 6773 6788 6804 6820 6836 6851 6867 6882 6897 6912 6928 6944 6960 6975
 6991 7006 7022 7038 7054 7071 7087 7103 7119 7136 7154 7170 7186 7201
 7216 7233 7248 7263 7279 7294 7310 7327 7346 7364 7380 7395 7410 7427
 7443 7458 7473 7489 7505 7520 7535 7550 7565 7582 7597 7613 7629 7645
 7661 7676 7692 7707 7722 7738 7754 7769 7785 7800 7817 7832 7847 7862
 7878 7894 7910 7925 7941 7956 7971 7987 8003 8019 8035 8050 8065 8081
 8097 8112 8128 8143 8159 8174 8190 8205 8221 8236 8252 8268 8284 8300
 8315 8330 8345 8360 8377 8393 8409 8423 8439 8455 8470 8485 8501 8517
 8533 8547 8563 8579 8595 8610 8625 8641 8657 8672 8688 8703 8718 8734
 8751 8766 8781 8797 8812 8827 8842 8858 8874 8890 8907 8925 8943 8958
 8973 8987 9002 9017 9032 9048]

bpm_google: 166

bpm_librosa: 161.4990234375
            

onset_frames: [   8   38   63   83  108  118  139  143  157  173  188  198  212  234
  243  250  262  268  281  298  305  313  320  328  336  341  359  374
  403  415  426  433  439  445  454  461  477  484  493  499  508  516
  528  531  538  553  564  570  578  586  591  608  617  624  639  646
  654  663  668  678  686  701  709  716  725  732  741  748  757  764
  771  779  787  803  811  819  826  833  850  857  871  873  882  888
  896  904  912  920  927  933  935  943  950  958  974  982  990  996
  998 1006 1013 1021 1028 1036 1044 1052 1057 1060 1075 1083 1093 1098
 1106 1122 1137 1145 1153 1161 1168 1176 1184 1200 1207 1215 1223 1231
 1247 1254 1261 1270 1277 1285 1292 1301 1308 1317 1324 1332 1340 1347
 1355 1371 1380 1387 1395 1402 1410 1418 1425 1433 1441 1449 1457 1465
 1472 1480 1488 1496 1504 1511 1519 1527 1534 1543 1550 1559 1564 1573
 1582 1585 1593 1601 1615 1620 1637 1644 1651 1660 1668 1691 1706 1730
 1740 1746 1762 1776 1792 1808 1824 1830 1839 1864 1870 1886 1893 1901
 1909 1939 1946 1955 1976 1994 2011 2025 2033 2041 2071 2079 2087 2095
 2103 2118 2133 2149 2157 2181 2189 2196 2204 2219 2227 2235 2243 2251
 2258 2274 2282 2290 2297 2305 2313 2320 2328 2336 2344 2352 2368 2382
 2398 2406 2430 2445 2453 2468 2476 2484 2492 2507 2515 2523 2531 2539
 2546 2554 2564 2569 2578 2585 2593 2601 2617 2625 2631 2647 2655 2663
 2670 2678 2687 2694 2702 2709 2718 2724 2733 2740 2750 2756 2766 2772
 2780 2788 2795 2811 2818 2827 2834 2842 2848 2850 2865 2874 2881 2890
 2896 2904 2911 2920 2928 2936 2943 2952 2958 2967 2975 2983 2990 2997
 3005 3014 3021 3029 3038 3044 3052 3067 3077 3083 3091 3100 3107 3115
 3124 3130 3140 3145 3153 3161 3169 3177 3192 3201 3215 3223 3239 3246
 3254 3263 3270 3288 3293 3299 3309 3314 3317 3325 3332 3340 3348 3364
 3379 3387 3390 3395 3402 3411 3418 3426 3434 3441 3449 3456 3465 3471
 3480 3489 3496 3505 3512 3519 3528 3534 3543 3551 3558 3566 3574 3588
 3594 3608 3613 3629 3637 3644 3652 3660 3683 3699 3732 3739 3755 3769
 3785 3801 3808 3816 3823 3831 3863 3885 3893 3901 3932 3948 3968 3986
 4003 4018 4025 4034 4050 4064 4072 4080 4087 4095 4111 4126 4142 4150
 4181 4188 4196 4212 4219 4235 4243 4250 4267 4274 4282 4290 4298 4306
 4313 4321 4328 4337 4344 4360 4375 4391 4399 4430 4437 4445 4461 4468
 4476 4484 4499 4508 4516 4523 4531 4539 4546 4562 4570 4577 4586 4593
 4609 4624 4639 4648 4656 4664 4671 4679 4686 4694 4702 4710 4717 4732
 4748 4757 4764 4773 4779 4788 4795 4804 4811 4819 4826 4834 4842 4858
 4873 4881 4889 4897 4905 4913 4920 4928 4935 4943 4951 4958 4966 4975
 4982 4991 4997 5005 5013 5021 5029 5037 5044 5060 5068 5076 5083 5092
 5103 5107 5115 5122 5130 5135 5138 5154 5164 5170 5177 5185 5192 5201
 5208 5215 5230 5238 5247 5254 5263 5270 5278 5290 5294 5301 5309 5317
 5325 5331 5333 5340 5356 5364 5371 5381 5386 5394 5414 5418 5426 5434
 5442 5450 5465 5477 5480 5488 5495 5502 5511 5519 5527 5538 5543 5551
 5558 5566 5574 5581 5584 5589 5605 5614 5620 5629 5636 5644 5652 5659
 5666 5675 5683 5689 5691 5698 5706 5712 5720 5730 5745 5755 5761 5768
 5776 5784 5789 5792 5800 5807 5815 5822 5831 5838 5847 5854 5862 5869
 5885 5893 5898 5901 5909 5916 5924 5932 5940 5948 5955 5963 5972 5979
 5987 5995 6002 6010 6025 6034 6040 6049 6056 6064 6072 6080 6088 6103
 6118 6127 6134 6141 6150 6156 6165 6176 6181 6189 6196 6212 6217 6227
 6241 6243 6251 6258 6266 6273 6282 6288 6297 6306 6311 6321 6329 6336
 6343 6352 6360 6366 6375 6384 6389 6398 6407 6414 6421 6430 6436 6445
 6453 6458 6464 6469 6474 6477 6484 6493 6500 6506 6516 6523 6531 6539
 6554 6562 6569 6575 6590 6594 6605 6617 6623 6644 6656 6664 6679 6687
 6710 6726 6732 6741 6750 6757 6765 6773 6780 6788 6804 6819 6827 6832
 6836 6851 6862 6872 6877 6882 6897 6905 6912 6928 6944 6949 6960 6965
 6975 6983 6991 7006 7013 7022 7029 7049 7061 7130 7147 7154 7162 7170
 7178 7186 7193 7200 7209 7216 7225 7232 7237 7240 7248 7255 7263 7270
 7278 7287 7293 7310 7317 7326 7332 7342 7350 7353 7357 7364 7371 7380
 7387 7394 7405 7410 7419 7426 7433 7442 7450 7454 7458 7465 7473 7480
 7489 7496 7502 7505 7512 7519 7525 7535 7544 7559 7565 7582 7612 7628
 7637 7644 7656 7661 7668 7675 7684 7696 7700 7703 7715 7722 7730 7737
 7747 7754 7762 7769 7777 7781 7786 7792 7800 7809 7817 7831 7840 7847
 7852 7860 7862 7871 7878 7886 7894 7903 7917 7924 7933 7941 7948 7956
 7964 7968 7971 7976 7979 7986 7996 7999 8003 8010 8018 8027 8035 8042
 8046 8049 8057 8065 8073 8080 8097 8101 8109 8111 8124 8135 8143 8151
 8155 8160 8166 8173 8182 8194 8197 8205 8210 8220 8228 8233 8236 8252
 8264 8267 8272 8284 8295 8307 8315 8323 8329 8345 8358 8360 8370 8376
 8385 8398 8409 8415 8422 8431 8444 8451 8455 8458 8462 8469 8475 8477
 8481 8485 8493 8500 8506 8524 8529 8539 8547 8555 8571 8576 8579 8594
 8598 8606 8609 8619 8625 8630 8633 8641 8653 8657 8664 8671 8680 8688
 8703 8713 8718 8726 8731 8734 8742 8751 8758 8766 8774 8781 8788 8797
 8805 8812 8821 8836 8842 8858 8874 8882 8890 8898 8907 8913 8920 8929
 8942 8952 8958 8975 8999 9008 9016 9030 9064]
            

times: [0.00000000e+00 2.32199546e-02 4.64399093e-02 ... 2.10790748e+02
 2.10813968e+02 2.10837188e+02]


'onset_strength: [0.         0.         0.         ... 0.28528678 0.3114943  0.36572638]