
Music: Eminem - Lose Yourself
            
Intro: 31 seconds
            

'beats': [   39    52    67    83    97   111   125   140   154   168   182   197
   212   227   243   258   273   288   303   318   334   349   364   379
   394   409   424   439   454   469   484   499   514   530   546   562
   577   592   607   622   638   653   668   683   698   714   729   744
   760   775   790   805   820   835   850   866   881   896   911   926
   942   957   972   987  1002  1017  1032  1047  1062  1078  1094  1109
  1124  1140  1155  1170  1185  1201  1216  1231  1246  1262  1279  1295
  1311  1327  1344  1359  1373  1389  1404  1419  1434  1449  1464  1479
  1494  1509  1524  1539  1554  1570  1585  1600  1614  1630  1645  1660
  1675  1690  1705  1720  1735  1750  1766  1781  1796  1811  1826  1841
  1856  1871  1886  1901  1916  1932  1946  1961  1976  1991  2006  2021
  2037  2052  2067  2082  2097  2112  2127  2142  2157  2172  2188  2203
  2218  2233  2248  2263  2279  2294  2308  2323  2339  2354  2369  2384
  2399  2414  2429  2444  2460  2475  2490  2505  2520  2534  2549  2564
  2580  2595  2610  2625  2641  2656  2670  2685  2700  2716  2730  2745
  2761  2776  2791  2806  2821  2835  2851  2866  2881  2896  2911  2926
  2942  2957  2971  2986  3001  3016  3031  3046  3062  3077  3092  3107
  3122  3137  3152  3167  3183  3197  3212  3227  3243  3258  3273  3288
  3303  3318  3333  3348  3363  3378  3393  3408  3423  3438  3454  3469
  3484  3499  3514  3529  3544  3559  3574  3589  3604  3619  3634  3649
  3664  3679  3695  3710  3725  3740  3755  3770  3785  3800  3815  3830
  3845  3860  3876  3891  3906  3921  3936  3951  3966  3981  3996  4011
  4026  4041  4056  4071  4086  4102  4117  4132  4147  4162  4177  4192
  4207  4222  4237  4252  4267  4282  4298  4313  4328  4343  4358  4373
  4388  4403  4418  4433  4448  4463  4478  4494  4509  4524  4539  4554
  4569  4584  4599  4614  4629  4644  4659  4674  4690  4705  4720  4735
  4750  4765  4780  4795  4810  4825  4840  4855  4870  4885  4901  4916
  4931  4946  4961  4976  4991  5006  5021  5036  5051  5066  5081  5097
  5112  5127  5142  5157  5172  5187  5202  5217  5232  5247  5262  5277
  5292  5307  5322  5337  5353  5368  5383  5397  5413  5428  5443  5458
  5473  5488  5503  5518  5533  5548  5564  5579  5594  5609  5624  5639
  5654  5669  5684  5699  5714  5729  5744  5760  5775  5790  5805  5820
  5835  5850  5865  5880  5895  5910  5925  5940  5955  5970  5986  6001
  6016  6031  6046  6061  6076  6091  6106  6121  6136  6152  6167  6182
  6197  6212  6227  6242  6257  6272  6287  6302  6317  6332  6347  6362
  6377  6392  6408  6423  6438  6453  6468  6483  6498  6513  6528  6543
  6558  6573  6588  6604  6619  6634  6649  6664  6679  6694  6709  6724
  6739  6754  6769  6784  6799  6815  6830  6845  6860  6875  6890  6905
  6920  6935  6950  6965  6980  6996  7011  7026  7041  7055  7071  7086
  7101  7116  7131  7146  7161  7176  7191  7207  7222  7237  7252  7267
  7282  7297  7312  7327  7342  7357  7372  7388  7403  7417  7433  7448
  7463  7478  7493  7508  7523  7538  7553  7568  7583  7598  7614  7629
  7644  7659  7674  7689  7704  7719  7734  7749  7764  7779  7794  7810
  7825  7840  7855  7870  7885  7900  7915  7930  7945  7960  7975  7990
  8005  8020  8036  8051  8066  8081  8096  8111  8126  8141  8156  8171
  8186  8202  8217  8232  8247  8262  8277  8292  8307  8322  8337  8352
  8367  8382  8397  8413  8428  8443  8458  8473  8488  8503  8518  8533
  8548  8563  8578  8593  8608  8623  8638  8653  8668  8684  8699  8714
  8729  8744  8759  8774  8789  8804  8819  8834  8849  8864  8880  8895
  8910  8925  8940  8955  8970  8985  9000  9015  9030  9045  9060  9075
  9090  9106  9121  9136  9151  9166  9181  9196  9211  9226  9241  9256
  9271  9287  9302  9317  9332  9347  9362  9377  9392  9407  9422  9437
  9452  9467  9483  9498  9513  9528  9543  9558  9573  9588  9603  9618
  9633  9648  9663  9678  9693  9709  9724  9739  9754  9769  9784  9799
  9814  9829  9844  9859  9874  9890  9905  9920  9935  9950  9965  9980
  9995 10010 10025 10040 10055 10070 10085 10101 10116 10131 10146 10161
 10176 10191 10206 10221 10236 10251 10266 10281 10296 10311 10326 10342
 10357 10372 10387 10402 10417 10432 10447 10462 10477 10492 10507 10522
 10537 10553 10568 10583 10598 10613 10628 10643 10658 10673 10688 10703
 10719 10734 10749 10764 10779 10794 10809 10824 10839 10854 10869 10884
 10899 10915 10930 10945 10960 10975 10990 11005 11020 11035 11050 11065
 11080 11095 11110 11125 11140 11156 11171 11186 11201 11216 11231 11246
 11261 11276 11291 11306 11321 11336 11352 11367 11382 11397 11412 11427
 11442 11457 11472 11487 11502 11517 11532 11547 11562 11578 11593 11608
 11623 11638 11653 11668 11683 11698 11713 11728 11743 11758 11773 11789
 11804 11819 11834 11849 11864 11879 11894 11909 11924 11939 11954 11969
 11984 11999 12014 12029 12044 12060 12075 12090 12105 12120 12135 12150
 12165 12180 12195 12210 12225 12240 12255 12270 12285 12301 12316 12331
 12346 12361 12376 12391 12406 12421 12437 12452 12467 12482 12497 12512
 12527 12542 12557 12572 12587 12602 12617 12632 12647 12662 12678 12693
 12708 12723 12738 12753 12768 12783 12798 12813 12828 12843 12858 12874
 12889 12904 12919 12934 12949 12964 12979 12994 13009 13024 13039 13054
 13069 13084 13100 13115 13130 13145 13160 13175 13190 13205 13220 13235
 13250 13265 13280 13296 13311 13326 13341 13356 13371 13386 13401 13416
 13431 13446 13461 13476 13491 13507 13522 13537 13552 13567 13582 13597
 13612]

bpm_google: 171

bpm_librosa: 172.265625
            

onset_frames: [   29    39    52 ... 13642 13658 13673]
            

times: [0.00000000e+00 2.32199546e-02 4.64399093e-02 ... 3.20365714e+02
 3.20388934e+02 3.20412154e+02]


'onset_strength: [0. 0. 0. ... 0. 0. 0.]