
Music: Eminem - Rap God
            
Intro: 13 seconds
            

'beats': [    2    19    37    54    72    90   107   124   142   159   176   194
   212   229   246   264   282   300   317   334   352   370   387   404
   421   439   456   474   491   508   526   543   561   578   594   612
   630   648   665   683   700   717   734   752   770   788   805   822
   839   857   874   892   909   928   944   962   980   997  1014  1032
  1049  1067  1084  1101  1119  1137  1155  1173  1190  1207  1224  1242
  1258  1276  1294  1311  1328  1347  1363  1381  1398  1416  1434  1451
  1468  1486  1503  1521  1539  1555  1573  1590  1607  1625  1643  1661
  1678  1696  1714  1732  1750  1768  1785  1801  1818  1835  1853  1870
  1887  1905  1922  1940  1957  1975  1992  2010  2027  2045  2062  2079
  2097  2114  2132  2149  2168  2186  2202  2219  2237  2255  2272  2290
  2308  2325  2341  2359  2376  2394  2412  2428  2446  2464  2481  2499
  2516  2533  2552  2569  2586  2604  2621  2638  2656  2673  2691  2708
  2725  2742  2760  2778  2795  2812  2830  2849  2866  2884  2902  2919
  2936  2953  2971  2988  3006  3026  3043  3059  3076  3093  3109  3127
  3146  3164  3180  3197  3215  3233  3251  3267  3285  3304  3320  3336
  3355  3372  3390  3407  3425  3442  3460  3476  3494  3512  3529  3547
  3565  3582  3598  3616  3633  3651  3669  3686  3703  3722  3738  3755
  3772  3790  3809  3825  3843  3861  3877  3895  3913  3930  3947  3965
  3982  4000  4017  4034  4052  4070  4088  4105  4123  4141  4158  4176
  4193  4210  4227  4244  4262  4280  4297  4314  4331  4349  4367  4384
  4401  4420  4436  4453  4470  4488  4505  4523  4541  4560  4576  4593
  4611  4629  4647  4665  4683  4699  4717  4734  4751  4768  4784  4803
  4820  4838  4855  4873  4890  4907  4925  4943  4960  4979  4995  5012
  5030  5047  5066  5082  5099  5117  5135  5152  5169  5187  5205  5224
  5241  5258  5276  5293  5310  5327  5345  5362  5379  5397  5414  5432
  5449  5466  5484  5501  5519  5537  5554  5571  5589  5606  5624  5642
  5658  5676  5694  5711  5728  5746  5764  5781  5798  5816  5833  5850
  5868  5886  5903  5920  5939  5958  5974  5990  6009  6027  6044  6060
  6078  6096  6113  6130  6149  6164  6182  6200  6217  6235  6252  6270
  6287  6305  6323  6340  6358  6375  6392  6409  6428  6445  6462  6479
  6497  6515  6532  6549  6567  6584  6602  6619  6638  6655  6672  6689
  6707  6724  6742  6759  6776  6794  6812  6828  6846  6865  6882  6899
  6917  6934  6950  6968  6985  7003  7021  7038  7055  7074  7090  7107
  7125  7142  7159  7177  7195  7213  7229  7247  7264  7282  7301  7317
  7334  7352  7369  7387  7404  7421  7439  7456  7475  7492  7510  7527
  7544  7562  7579  7596  7614  7632  7649  7666  7683  7701  7720  7737
  7754  7772  7789  7806  7824  7841  7860  7876  7893  7911  7928  7946
  7963  7981  7998  8017  8035  8052  8069  8086  8103  8120  8138  8155
  8173  8191  8208  8225  8242  8260  8278  8295  8312  8329  8347  8365
  8383  8400  8418  8435  8452  8470  8487  8504  8522  8539  8556  8574
  8591  8609  8626  8644  8662  8680  8698  8716  8733  8750  8767  8784
  8802  8819  8836  8854  8871  8889  8906  8923  8941  8958  8976  8993
  9011  9029  9046  9063  9081  9098  9116  9133  9150  9168  9185  9203
  9220  9237  9254  9273  9290  9308  9325  9343  9360  9377  9395  9412
  9430  9447  9465  9482  9500  9517  9535  9552  9569  9587  9604  9623
  9640  9657  9675  9692  9709  9727  9744  9762  9780  9796  9814  9832
  9849  9867  9884  9901  9919  9936  9954  9971  9988 10006 10024 10041
 10057 10075 10093 10111 10129 10146 10163 10180 10197 10215 10233 10250
 10267 10285 10302 10319 10337 10355 10373 10390 10407 10425 10442 10459
 10478 10494 10512 10530 10546 10564 10581 10599 10615 10634 10652 10671
 10688 10705 10722 10740 10757 10774 10792 10809 10826 10845 10862 10879
 10896 10914 10932 10949 10966 10984 11001 11019 11037 11053 11072 11089
 11106 11124 11141 11158 11175 11194 11211 11229 11246 11263 11280 11297
 11314 11331 11349 11367 11385 11403 11421 11438 11456 11472 11491 11508
 11525 11543 11560 11577 11594 11612 11631 11647 11665 11683 11700 11717
 11735 11752 11770 11787 11804 11822 11839 11857 11874 11894 11912 11929
 11946 11963 11980 11997 12015 12031 12050 12066 12083 12102 12118 12136
 12153 12171 12189 12206 12223 12240 12258 12276 12294 12310 12328 12345
 12363 12381 12398 12415 12433 12451 12469 12487 12504 12521 12538 12556
 12573 12590 12608 12625 12642 12660 12677 12694 12712 12730 12748 12764
 12782 12800 12817 12834 12852 12869 12887 12904 12921 12939 12957 12974
 12991 13010 13028 13046 13063 13080 13098 13115 13132 13149 13167 13183
 13201 13218 13236 13253 13271 13288 13305 13323 13340 13358 13376 13393
 13411 13428 13446 13463 13480 13498 13515 13533 13550 13569 13587 13604
 13621 13638 13656 13673 13690 13707 13725 13742 13759 13777 13794 13812
 13829 13847 13865 13882 13899 13917 13934 13952 13970 13987 14004 14021
 14039 14057 14074 14092 14109 14128 14145 14161 14178 14197 14214 14232
 14249 14267 14284 14302 14319 14337 14354 14372 14388 14404 14422 14440
 14458 14475 14493 14511 14528 14545 14563 14580 14598 14615 14632 14650
 14669 14685 14702 14719 14737 14755 14772 14790 14807 14824 14841 14859
 14876 14895 14913 14930 14947 14964 14981 14999 15016 15036 15052 15069
 15086 15104 15122 15139 15156 15174 15191 15209 15225 15243 15261 15278
 15296 15314 15331 15348 15365 15383 15400 15418 15436 15454 15471 15489
 15506]

bpm_google: 148

bpm_librosa: 151.99908088235293
            

onset_frames: [   19    37    54 ... 15489 15506 15522]
            

times: [0.00000000e+00 2.32199546e-02 4.64399093e-02 ... 3.66318005e+02
 3.66341224e+02 3.66364444e+02]


'onset_strength: [0. 0. 0. ... 0. 0. 0.]