
Music: Foster The People - Pumped Up Kicks
            
Intro: 7 seconds
            

'beats': [  176   196   217   237   257   277   298   318   338   358   378   398
   418   438   459   479   499   518   539   559   579   600   620   641
   661   681   701   721   741   762   782   802   822   841   862   882
   902   922   943   963   984  1004  1024  1044  1064  1084  1105  1125
  1145  1165  1185  1205  1225  1246  1266  1286  1307  1327  1347  1367
  1387  1407  1428  1448  1467  1487  1508  1528  1548  1568  1589  1609
  1630  1650  1670  1690  1710  1730  1751  1771  1790  1811  1831  1851
  1871  1891  1912  1933  1953  1973  1993  2013  2033  2053  2074  2094
  2113  2133  2154  2174  2194  2214  2234  2255  2276  2296  2316  2336
  2356  2376  2397  2417  2436  2456  2477  2497  2517  2536  2557  2578
  2598  2619  2639  2659  2679  2699  2720  2740  2759  2780  2800  2820
  2840  2860  2881  2901  2922  2942  2962  2982  3002  3022  3042  3063
  3083  3103  3123  3143  3163  3184  3204  3224  3245  3265  3285  3305
  3325  3345  3366  3386  3406  3426  3446  3466  3486  3507  3527  3548
  3568  3588  3608  3628  3648  3668  3689  3709  3729  3749  3769  3789
  3809  3830  3850  3871  3891  3911  3931  3951  3971  3991  4012  4032
  4052  4072  4092  4112  4132  4153  4173  4193  4214  4234  4254  4274
  4294  4314  4335  4355  4374  4395  4415  4435  4455  4475  4496  4516
  4536  4557  4577  4596  4617  4637  4658  4678  4697  4717  4738  4758
  4778  4798  4819  4840  4860  4880  4900  4920  4940  4960  4981  5001
  5020  5041  5061  5081  5101  5121  5142  5162  5182  5203  5223  5243
  5263  5283  5304  5324  5343  5364  5384  5404  5424  5444  5465  5485
  5506  5526  5546  5566  5586  5606  5626  5647  5667  5687  5707  5727
  5747  5768  5788  5809  5829  5849  5869  5889  5909  5929  5950  5970
  5990  6010  6030  6050  6070  6090  6110  6131  6152  6172  6192  6212
  6232  6253  6273  6293  6313  6333  6353  6373  6393  6414  6434  6455
  6475  6495  6515  6535  6555  6575  6596  6616  6636  6656  6676  6696
  6716  6737  6757  6778  6798  6818  6838  6858  6878  6898  6919  6939
  6959  6979  6999  7019  7039  7060  7080  7101  7121  7141  7161  7181
  7201  7221  7242  7262  7282  7302  7322  7342  7362  7382  7403  7424
  7444  7464  7484  7504  7524  7544  7565  7585  7605  7625  7645  7665
  7685  7706  7726  7747  7767  7787  7807  7827  7847  7867  7888  7908
  7928  7948  7968  7988  8008  8028  8049  8069  8090  8110  8130  8150
  8170  8190  8210  8230  8251  8271  8290  8311  8331  8351  8371  8392
  8413  8433  8453  8473  8493  8513  8533  8553  8574  8594  8613  8634
  8654  8674  8694  8715  8736  8756  8776  8796  8816  8836  8857  8877
  8897  8917  8937  8957  8977  8998  9018  9039  9059  9079  9099  9119
  9139  9159  9180  9200  9220  9240  9260  9280  9300  9320  9340  9361
  9382  9402  9422  9442  9462  9482  9503  9523  9543  9563  9583  9603
  9623  9644  9664  9685  9705  9726  9746  9766  9786  9806  9826  9846
  9866  9887  9906  9927  9947  9967  9987 10008 10028 10049 10069 10089
 10109 10129 10149 10169 10189 10210 10229 10250 10270 10290 10310 10331
 10351 10372 10392 10412 10432 10452 10473 10493 10513 10533 10552 10573
 10593 10613 10633]

bpm_google: 128

bpm_librosa: 129.19921875
            

onset_frames: [   15   196   216   237   257   277   289   297   308   318   328   337
   348   358   378   389   398   408   418   437   459   470   479   488
   498   518   538   550   559   569   579   599   620   631   640   651
   660   670   681   701   712   721   732   741   761   782   792   802
   812   821   841   861   873   882   892   902   912   922   942   953
   963   973   983   993  1004  1024  1044  1055  1064  1084  1105  1116
  1125  1135  1144  1164  1184  1196  1205  1215  1225  1245  1265  1276
  1286  1297  1306  1316  1326  1347  1358  1367  1378  1387  1407  1428
  1438  1448  1458  1467  1487  1507  1519  1528  1538  1548  1557  1568
  1588  1599  1609  1620  1629  1639  1649  1669  1686  1689  1700  1710
  1730  1750  1761  1771  1782  1790  1810  1820  1830  1842  1851  1871
  1882  1891  1911  1922  1932  1943  1952  1962  1973  1983  1992  2004
  2013  2024  2033  2053  2065  2073  2084  2094  2105  2113  2133  2153
  2166  2174  2184  2193  2205  2212  2214  2226  2234  2245  2255  2266
  2275  2285  2295  2315  2327  2335  2347  2355  2367  2376  2388  2396
  2407  2417  2428  2436  2455  2471  2476  2488  2497  2507  2516  2536
  2548  2557  2568  2578  2589  2598  2608  2619  2628  2638  2650  2658
  2670  2678  2699  2711  2719  2730  2740  2751  2759  2779  2799  2812
  2819  2830  2840  2859  2880  2891  2901  2912  2921  2931  2942  2962
  2981  3002  3022  3042  3063  3083  3103  3122  3144  3162  3184  3203
  3224  3244  3255  3265  3276  3285  3305  3325  3345  3365  3377  3385
  3406  3426  3445  3485  3497  3506  3516  3526  3537  3547  3557  3568
  3578  3588  3599  3608  3628  3648  3668  3688  3708  3729  3749  3768
  3789  3800  3808  3820  3830  3849  3870  3880  3890  3901  3911  3922
  3931  3951  3971  3991  4011  4032  4051  4072  4091  4112  4124  4131
  4143  4152  4162  4172  4183  4193  4203  4214  4234  4254  4273  4293
  4314  4326  4334  4345  4355  4366  4374  4394  4406  4414  4426  4435
  4447  4454  4475  4487  4495  4506  4516  4527  4536  4546  4557  4576
  4588  4596  4608  4617  4637  4649  4658  4668  4678  4689  4697  4717
  4737  4750  4756  4758  4768  4777  4798  4818  4829  4839  4849  4859
  4869  4880  4899  4909  4919  4939  4951  4960  4972  4981  4991  5001
  5012  5020  5032  5040  5060  5071  5081  5091  5100  5121  5139  5142
  5152  5162  5173  5182  5192  5202  5223  5234  5242  5254  5262  5283
  5304  5314  5324  5334  5343  5363  5383  5395  5404  5414  5423  5434
  5444  5456  5464  5475  5485  5495  5506  5515  5526  5546  5565  5586
  5606  5626  5647  5667  5687  5706  5746  5768  5787  5808  5828  5839
  5849  5860  5869  5889  5909  5929  5949  5961  5969  5989  6010  6029
  6069  6081  6090  6100  6110  6121  6131  6141  6151  6162  6172  6183
  6192  6212  6232  6252  6272  6292  6312  6333  6352  6373  6392  6404
  6414  6433  6454  6464  6474  6485  6495  6506  6515  6535  6555  6575
  6595  6616  6635  6656  6675  6696  6707  6715  6727  6736  6746  6756
  6767  6777  6787  6798  6808  6818  6838  6857  6869  6878  6898  6910
  6919  6929  6939  6950  6958  6978  6998  7019  7030  7039  7050  7059
  7071  7079  7090  7100  7111  7120  7130  7141  7161  7171  7181  7201
  7221  7242  7252  7262  7273  7281  7301  7321  7334  7342  7351  7362
  7382  7402  7413  7423  7434  7443  7454  7464  7484  7503  7514  7524
  7544  7556  7565  7575  7585  7596  7604  7624  7644  7655  7664  7675
  7685  7696  7705  7717  7725  7736  7746  7757  7766  7776  7787  7806
  7817  7826  7846  7867  7879  7888  7898  7908  7918  7927  7939  7947
  7967  7979  7988  7997  8008  8019  8028  8040  8048  8059  8069  8079
  8090  8099  8110  8121  8130  8149  8170  8190  8210  8230  8251  8271
  8290  8330  8352  8371  8392  8402  8413  8423  8444  8453  8473  8492
  8513  8533  8553  8563  8574  8594  8613  8653  8665  8684  8705  8715
  8727  8735  8746  8756  8767  8776  8795  8816  8836  8856  8877  8897
  8917  8936  8968  8976  8998  9017  9038  9058  9069  9079  9091  9099
  9110  9119  9139  9159  9179  9191  9200  9220  9240  9259  9299  9320
  9330  9340  9351  9361  9371  9382  9391  9402  9422  9441  9462  9482
  9502  9523  9543  9563  9582  9614  9622  9644  9663  9684  9704  9716
  9726  9737  9746  9756  9765  9785  9806  9826  9846  9866  9886  9906
  9927  9946  9967  9977  9987  9998 10008 10018 10028 10038 10049 10059
 10069 10088 10108 10129 10149 10170 10189 10209 10229 10250 10261 10269
 10310 10331 10351 10362 10372 10383 10392 10402 10411 10431 10452 10472
 10493 10512 10532 10552 10573 10592 10603 10613 10623 10633 10644 10654
 10664 10674 10695]
            

times: [0.00000000e+00 2.32199546e-02 4.64399093e-02 ... 2.55860680e+02
 2.55883900e+02 2.55907120e+02]


'onset_strength: [0.         0.         0.         ... 0.11808419 0.10790357 0.02872521]