
Music: Gotye - Somebody That I Used To Know
            
Intro: 1 seconds
            

'beats': [    7    27    47    67    88   107   127   147   167   187   207   227
   248   268   288   307   328   348   368   387   408   428   448   467
   488   508   528   548   568   588   608   628   648   668   688   708
   728   748   768   788   809   829   849   869   889   909   929   948
   969   989  1009  1028  1049  1069  1089  1108  1129  1149  1169  1189
  1209  1229  1249  1268  1290  1309  1329  1349  1370  1389  1409  1429
  1449  1468  1488  1509  1530  1550  1570  1589  1610  1630  1650  1669
  1690  1710  1730  1750  1770  1790  1810  1830  1850  1870  1891  1910
  1930  1950  1970  1990  2010  2030  2050  2070  2090  2111  2131  2150
  2171  2191  2211  2230  2251  2271  2291  2311  2331  2351  2371  2391
  2411  2431  2451  2471  2491  2511  2531  2551  2571  2591  2611  2631
  2651  2672  2691  2711  2732  2752  2771  2791  2812  2832  2849  2871
  2892  2912  2932  2951  2972  2992  3012  3032  3052  3070  3092  3112
  3132  3152  3172  3192  3212  3232  3252  3272  3292  3312  3332  3352
  3373  3393  3412  3432  3453  3473  3493  3512  3533  3553  3573  3593
  3613  3633  3653  3673  3693  3713  3733  3753  3772  3793  3813  3833
  3854  3873  3893  3913  3933  3953  3973  3993  4013  4033  4053  4073
  4092  4114  4134  4154  4174  4194  4214  4234  4254  4274  4294  4314
  4334  4354  4374  4394  4414  4434  4454  4474  4495  4514  4534  4554
  4574  4594  4614  4634  4654  4674  4694  4715  4735  4755  4775  4795
  4815  4835  4855  4875  4895  4915  4935  4955  4975  4995  5015  5035
  5055  5075  5095  5115  5135  5155  5175  5195  5215  5235  5255  5275
  5295  5315  5335  5355  5375  5396  5416  5435  5455  5476  5496  5516
  5536  5556  5576  5596  5616  5636  5656  5676  5696  5716  5736  5756
  5776  5796  5816  5836  5857  5877  5897  5917  5937  5957  5977  5996
  6017  6037  6057  6076  6097  6117  6137  6156  6177  6197  6217  6236
  6257  6277  6297  6316  6337  6357  6377  6397  6417  6437  6457  6477
  6498  6517  6537  6557  6578  6598  6618  6637  6658  6678  6698  6717
  6738  6758  6778  6797  6818  6838  6858  6878  6898  6918  6938  6958
  6978  6998  7018  7038  7058  7078  7098  7118  7139  7159  7179  7198
  7218  7238  7259  7278  7299  7319  7339  7358  7379  7399  7419  7439
  7459  7479  7499  7519  7539  7559  7579  7599  7619  7639  7659  7679
  7699  7719  7739  7759  7780  7801  7822  7841  7859  7880  7899  7919
  7938  7960  7980  8000  8020  8040  8060  8080  8100  8120  8140  8160
  8180  8200  8220  8240  8260  8280  8300  8320  8341  8360  8380  8400
  8421  8441  8461  8480  8500  8521  8541  8561  8581  8601  8621  8641
  8661  8681  8701  8721  8741  8761  8781  8801  8821  8841  8861  8881
  8901  8921  8941  8961  8981  9001  9021  9041  9061  9081  9101  9121
  9142  9162  9182  9201  9221  9241  9262  9282  9302  9322  9342  9362
  9382  9402  9422  9442  9462  9482  9502  9522  9542  9562  9582  9602
  9622  9642  9662  9682  9702  9722  9742  9762  9782  9802  9822  9842
  9863  9883  9903  9922  9943  9963  9983 10002 10023 10043 10063 10082
 10103 10123 10143 10162 10183 10203 10223 10243 10263 10283 10303 10323
 10343 10363 10383]

bpm_google: 129

bpm_librosa: 129.19921875
            

onset_frames: [    7    27    37    47    61    66    77    87   107   117   127   146
   157   167   187   197   207   217   227   238   247   257   267   277
   288   297   307   318   327   347   358   367   377   387   398   407
   427   438   447   457   467   488   508   518   528   538   547   568
   578   588   598   608   617   627   648   668   678   688   698   707
   719   728   748   758   768   778   788   808   828   849   864   868
   877   889   908   919   929   938   947   958   969   988   999  1009
  1019  1028  1039  1049  1069  1079  1089  1098  1108  1129  1139  1145
  1149  1162  1178  1188  1196  1209  1229  1239  1249  1258  1267  1279
  1289  1309  1319  1329  1339  1348  1360  1369  1389  1399  1409  1418
  1428  1449  1462  1467  1484  1500  1506  1509  1530  1543  1550  1570
  1579  1589  1609  1623  1630  1650  1660  1669  1689  1709  1730  1739
  1749  1758  1770  1780  1789  1820  1829  1835  1850  1870  1880  1890
  1900  1909  1922  1930  1950  1970  1980  1989  2010  2030  2040  2050
  2060  2069  2080  2090  2111  2120  2131  2140  2150  2160  2170  2191
  2200  2211  2220  2230  2240  2250  2271  2281  2291  2301  2310  2321
  2330  2351  2360  2371  2380  2390  2401  2411  2431  2441  2451  2461
  2470  2481  2491  2511  2521  2531  2541  2550  2561  2571  2591  2601
  2611  2621  2631  2642  2651  2671  2681  2691  2701  2711  2722  2731
  2741  2751  2761  2771  2781  2790  2805  2812  2832  2841  2849  2871
  2882  2892  2912  2922  2932  2942  2951  2962  2971  2992  3001  3012
  3021  3031  3042  3052  3063  3069  3081  3092  3099  3111  3122  3132
  3152  3162  3172  3191  3198  3212  3232  3243  3252  3262  3271  3283
  3292  3312  3322  3332  3342  3352  3363  3373  3378  3392  3402  3423
  3432  3442  3452  3473  3485  3502  3512  3523  3529  3533  3553  3563
  3583  3592  3607  3613  3633  3643  3653  3662  3672  3679  3693  3713
  3723  3733  3743  3752  3765  3772  3793  3803  3813  3822  3832  3842
  3853  3873  3893  3912  3923  3933  3953  3963  3973  3992  4003  4013
  4033  4041  4043  4052  4073  4082  4091  4113  4124  4134  4153  4164
  4173  4193  4203  4214  4223  4233  4254  4264  4274  4283  4294  4304
  4313  4323  4334  4354  4364  4373  4394  4414  4434  4444  4454  4474
  4482  4491  4494  4504  4514  4524  4534  4549  4554  4563  4574  4594
  4604  4614  4624  4633  4644  4654  4674  4685  4693  4714  4723  4734
  4755  4764  4775  4794  4805  4814  4834  4844  4854  4870  4875  4883
  4894  4903  4915  4924  4933  4935  4945  4948  4955  4965  4975  4995
  5005  5014  5034  5055  5075  5082  5085  5095  5114  5125  5135  5155
  5165  5175  5195  5215  5225  5235  5245  5255  5275  5286  5295  5315
  5325  5335  5346  5355  5375  5385  5395  5405  5415  5426  5435  5446
  5455  5475  5485  5495  5515  5536  5555  5566  5575  5586  5595  5606
  5615  5635  5646  5655  5666  5675  5686  5696  5706  5716  5726  5736
  5755  5766  5776  5796  5806  5815  5836  5856  5866  5876  5896  5916
  5937  5956  5966  5976  5986  5995  6007  6016  6036  6046  6056  6066
  6076  6086  6096  6116  6126  6137  6146  6156  6167  6177  6196  6206
  6217  6226  6236  6247  6257  6277  6287  6297  6307  6316  6327  6337
  6347  6357  6367  6377  6386  6396  6406  6417  6437  6447  6457  6467
  6476  6487  6497  6508  6517  6527  6537  6547  6556  6567  6577  6597
  6617  6627  6637  6647  6658  6676  6678  6689  6698  6703  6717  6738
  6757  6778  6788  6797  6808  6818  6837  6848  6858  6877  6898  6918
  6938  6948  6957  6973  6978  6992  6998  7008  7018  7037  7048  7058
  7078  7088  7098  7117  7138  7148  7158  7169  7178  7198  7208  7218
  7238  7248  7259  7278  7298  7318  7328  7339  7348  7358  7368  7378
  7398  7409  7419  7427  7438  7449  7459  7479  7489  7499  7509  7518
  7528  7539  7559  7569  7580  7589  7596  7598  7609  7619  7639  7649
  7659  7669  7678  7699  7709  7717  7727  7729  7740  7749  7759  7766
  7779  7792  7808  7821  7832  7841  7852  7859  7879  7889  7899  7919
  7929  7938  7960  7969  8010  8019  8040  8049  8060  8069  8079  8100
  8110  8120  8129  8140  8159  8169  8180  8210  8220  8240  8250  8260
  8300  8320  8328  8337  8340  8350  8360  8370  8380  8395  8400  8420
  8430  8441  8460  8480  8491  8500  8521  8540  8570  8580  8601  8610
  8621  8640  8651  8660  8680  8690  8701  8716  8721  8729  8740  8761
  8770  8779  8791  8794  8801  8810  8821  8841  8851  8861  8881  8901
  8921  8928  8941  8961  8971  8981  9001  9011  9021  9041  9061  9071
  9081  9091  9101  9116  9121  9132  9141  9161  9171  9181  9192  9201
  9211  9221  9231  9241  9251  9262  9281  9291  9302  9322  9332  9342
  9361  9382  9401  9421  9452  9462  9482  9492  9502  9512  9521  9532
  9542  9551  9561  9572  9582  9602  9612  9622  9652  9662  9682  9712
  9722  9742  9762  9782  9802  9812  9822  9833  9841  9851  9862  9872
  9882  9892  9903  9922  9932  9942  9962  9972  9982  9993 10002 10023
 10032 10042 10053 10062 10082 10093 10102 10122 10133 10143 10153 10162
 10172 10183 10192 10202 10213 10223 10237 10242 10252 10263 10283 10293
 10303 10322 10343 10363 10373 10383 10403 10413]
            

times: [0.00000000e+00 2.32199546e-02 4.64399093e-02 ... 2.43832744e+02
 2.43855964e+02 2.43879184e+02]


'onset_strength: [0.         0.         0.         ... 0.08443713 0.04770678 0.01258412]