
Music: Halo - Beyoncé
            
Intro: 12 seconds
            

'beats': [  508   540   572   605   637   669   702   734   766   799   831   863
   895   928   960   993  1025  1057  1089  1123  1154  1187  1219  1252
  1283  1316  1348  1380  1412  1445  1477  1509  1542  1574  1606  1639
  1671  1703  1735  1770  1800  1832  1865  1897  1929  1962  1994  2028
  2058  2091  2123  2157  2188  2220  2253  2285  2317  2349  2382  2414
  2446  2478  2511  2544  2575  2608  2640  2673  2705  2737  2769  2802
  2834  2866  2899  2932  2963  2995  3028  3060  3092  3124  3157  3189
  3222  3254  3286  3319  3351  3383  3415  3449  3480  3512  3545  3578
  3609  3642  3674  3706  3738  3771  3803  3836  3868  3900  3932  3965
  3997  4029  4061  4094  4126  4158  4190  4222  4257  4291  4326  4358
  4392  4417  4448  4481  4513  4545  4578  4607  4642  4675  4707  4740
  4772  4804  4836  4869  4901  4933  4965  4999  5030  5062  5095  5128
  5159  5191  5224  5257  5289  5321  5353  5386  5418  5450  5482  5515
  5547  5579  5612  5645  5676  5708  5741  5774  5805  5838  5870  5903
  5935  5967  5999  6032  6064  6096  6128  6161  6193  6225  6258  6290
  6322  6355  6387  6420  6452  6484  6516  6549  6581  6613  6645  6678
  6710  6743  6775  6808  6839  6871  6904  6937  6968  7000  7033  7066
  7098  7131  7162  7194  7227  7259  7291  7324  7356  7389  7421  7454
  7485  7517  7550  7583  7614  7646  7679  7712  7743  7776  7808  7840
  7872  7905  7937  7968  8002  8034  8066  8099  8131  8163  8195  8227
  8260  8292  8325  8357  8389  8422  8454  8487  8518  8551  8583  8616
  8648  8680  8713  8745  8777  8809  8842  8874  8906  8938  8971  9004
  9035  9068  9100  9133  9165  9197  9229  9262  9294  9326  9359  9391
  9423  9455  9488  9520  9552  9585  9617  9650  9682  9714  9746  9780
  9811  9843  9875  9908  9940  9973 10005 10038 10069 10102 10134 10167
 10198 10230 10263 10296 10327 10360 10392 10424 10457 10489 10521 10554
 10586 10618 10651 10683 10715 10747 10780 10813 10844 10877 10909 10942
 10973 11006 11038 11070 11102 11134 11164 11194 11224 11255 11289 11321
 11353 11384 11416 11447 11479 11511 11543 11576 11609 11642 11675 11708
 11740 11772 11804 11836 11868 11900 11932 11964 11996 12029 12062 12095
 12123 12159 12193 12227 12254 12280 12307 12333 12359 12386 12412 12438
 12465 12491 12518 12544 12571 12597 12623 12650 12676 12703 12729]

bpm_google: 80

bpm_librosa: 161.4990234375
            

onset_frames: [  539   572   605   628   636   645   653   661   669   693   701   750
   758   766   784   791   798   830   863   879   895   904   919   927
   952   960   992  1017  1024  1033  1041  1057  1089  1130  1140  1154
  1162  1181  1186  1210  1218  1252  1261  1275  1283  1347  1364  1372
  1380  1396  1404  1412  1430  1445  1469  1477  1502  1509  1535  1541
  1550  1558  1569  1606  1632  1639  1655  1670  1683  1703  1727  1735
  1771  1800  1824  1832  1864  1872  1878  1891  1897  1913  1923  1929
  1985  1994  2011  2020  2028  2042  2058  2075  2086  2091  2123  2149
  2165  2173  2181  2187  2204  2220  2252  2270  2278  2302  2309  2317
  2334  2349  2381  2408  2430  2446  2462  2510  2528  2545  2560  2575
  2583  2591  2607  2640  2673  2704  2721  2737  2769  2787  2820  2834
  2898  2931  2955  2962  2995  3027  3091  3157  3205  3221  3254  3278
  3286  3311  3335  3350  3415  3449  3472  3480  3544  3593  3609  3673
  3738  3803  3867  3932  3996  4061  4125  4221  4233  4247  4326  4358
  4376  4383  4392  4399  4410  4416  4424  4435  4448  4473  4480  4497
  4513  4545  4569  4578  4590  4597  4606  4614  4628  4642  4658  4675
  4707  4734  4739  4755  4771  4799  4804  4828  4836  4862  4869  4878
  4894  4900  4909  4917  4933  4950  4965  4983  4990  5002  5014  5029
  5046  5057  5062  5087  5094  5111  5119  5127  5137  5143  5151  5159
  5167  5176  5191  5209  5224  5240  5265  5274  5282  5288  5321  5345
  5353  5370  5410  5418  5435  5443  5482  5507  5530  5546  5555  5579
  5603  5611  5636  5645  5653  5660  5668  5676  5684  5691  5708  5740
  5774  5805  5822  5870  5888  5934  5999  6032  6047  6063  6096  6128
  6192  6258  6306  6322  6387  6412  6436  6443  6451  6516  6549  6573
  6580  6645  6710  6774  6839  6904  6937  6960  6968  7032  7081  7097
  7162  7194  7226  7291  7355  7420  7485  7549  7598  7614  7679  7743
  7776  7807  7840  7856  7863  7871  7888  7896  7904  7928  7937  7967
  7993  8001  8034  8065  8114  8130  8139  8154  8163  8187  8195  8226
  8252  8260  8268  8292  8324  8373  8389  8421  8446  8454  8487  8510
  8518  8550  8583  8615  8631  8639  8647  8656  8680  8704  8712  8760
  8776  8809  8906  8914  8922  8937  8971  9004  9035  9052  9100  9118
  9150  9165  9229  9286  9293  9358  9423  9536  9552  9617  9642  9666
  9681  9746  9780  9803  9810  9875  9940  9966 10004 10069 10133 10190
 10198 10263 10311 10327 10392 10424 10456 10521 10585 10650 10715 10779
 10844 10909 10973 11005 11029 11037 11070 11093 11102 11110 11127 11134
 11461 11503 11543 11673 11713 11753 11885 11925 11965 12095 12109 12122
 12161 12174 12188 12201 12214 12227 12241 12253 12267 12280 12293 12306
 12319 12332 12346 12372 12379 12385 12398 12412 12425 12438 12451 12464
 12477 12491 12505 12511 12518 12530 12544 12558 12570 12583 12596 12610
 12623 12636 12649 12663 12676 12689 12696 12702 12728 12742 12755]
            

times: [0.00000000e+00 2.32199546e-02 4.64399093e-02 ... 2.96170522e+02
 2.96193741e+02 2.96216961e+02]


'onset_strength: [0.         0.         0.         ... 4.4917974  2.428203   0.04129539]