
Music: Harry Styles - Golden
            
Intro: 14 seconds
            

'beats': [   4   23   42   60   79   98  116  134  153  171  190  209  227  245
  263  282  301  319  338  356  374  393  411  430  448  467  485  504
  522  540  559  577  595  614  633  652  670  688  707  725  743  762
  780  799  817  836  855  874  892  910  928  947  965  984 1002 1020
 1039 1057 1076 1095 1113 1131 1150 1168 1186 1204 1223 1242 1261 1279
 1297 1316 1334 1352 1371 1390 1408 1427 1445 1464 1482 1500 1519 1537
 1556 1574 1592 1611 1629 1648 1666 1685 1703 1722 1740 1759 1777 1795
 1814 1833 1851 1870 1888 1906 1924 1943 1962 1980 1998 2017 2036 2054
 2073 2091 2109 2128 2146 2165 2183 2202 2220 2239 2257 2276 2294 2313
 2331 2349 2367 2386 2405 2423 2442 2460 2478 2497 2515 2533 2552 2571
 2589 2608 2626 2644 2663 2682 2700 2719 2737 2756 2774 2792 2811 2829
 2848 2866 2884 2902 2921 2940 2958 2977 2996 3014 3032 3050 3069 3088
 3106 3124 3142 3161 3180 3198 3217 3236 3254 3272 3291 3309 3328 3346
 3364 3383 3401 3418 3436 3456 3475 3494 3512 3531 3550 3568 3586 3605
 3623 3641 3659 3678 3697 3715 3733 3752 3770 3789 3807 3826 3844 3863
 3881 3900 3918 3937 3955 3973 3991 4010 4029 4047 4066 4084 4102 4121
 4139 4158 4177 4195 4214 4232 4250 4269 4287 4305 4324 4341 4359 4379
 4398 4417 4435 4453 4472 4490 4509 4528 4546 4564 4582 4600 4619 4638
 4656 4674 4692 4711 4730 4749 4768 4786 4804 4822 4841 4860 4878 4896
 4914 4933 4952 4970 4989 5008 5026 5044 5062 5081 5099 5118 5136 5155
 5173 5191 5210 5229 5247 5266 5284 5303 5321 5339 5358 5376 5395 5414
 5432 5450 5468 5487 5505 5524 5542 5561 5579 5598 5616 5635 5653 5672
 5690 5709 5730 5752 5773 5792 5810 5829 5847 5866 5885 5904 5924 5944
 5965 5985 6004 6023 6041 6059 6078 6097 6115 6133 6151 6169 6187 6206
 6225 6244 6262 6281 6299 6318 6336 6354 6373 6392 6410 6429 6447 6465
 6483 6502 6520 6539 6557 6576 6594 6613 6631 6650 6668 6687 6705 6724
 6742 6761 6778 6797 6816 6834 6853 6871 6890 6908 6926 6945 6962 6980
 6999 7018 7037 7056 7075 7093 7112 7131 7149 7167 7185 7204 7222 7240
 7258 7277 7295 7314 7333 7352 7371 7389 7407 7425 7444 7462 7481 7499
 7517 7536 7554 7572 7591 7610 7628 7647 7666 7685 7705 7725 7745 7765
 7784 7803 7822 7841 7859 7877 7896 7914 7933 7951 7970 7988 8007 8026
 8045 8064 8083 8101 8118 8136 8155 8173 8192 8210 8228 8247 8266 8284
 8302 8320 8338 8356 8375 8394 8413 8431 8449 8467 8486 8505 8524 8542
 8560 8578 8596 8615 8633 8651 8670 8689 8708 8727 8745]

bpm_google: 140

bpm_librosa: 135.99917763157896
            

onset_frames: [  23   32   42   50   60   70   79   88   97  107  115  124  134  142
  152  162  171  181  189  198  209  217  226  235  244  254  263  272
  281  292  300  310  319  346  356  365  374  393  402  411  420  430
  439  448  467  476  485  494  504  512  521  531  540  549  558  567
  577  594  614  633  642  669  688  698  706  716  725  734  743  753
  771  779  789  798  817  836  845  854  864  882  891  901  910  919
  927  937  947  974  983 1002 1011 1020 1029 1038 1048 1067 1075 1085
 1095 1112 1131 1140 1150 1159 1177 1214 1223 1233 1242 1260 1279 1288
 1297 1306 1315 1324 1333 1343 1362 1370 1380 1389 1408 1417 1426 1445
 1454 1463 1472 1482 1491 1500 1518 1528 1537 1547 1555 1565 1574 1584
 1592 1610 1619 1629 1639 1648 1653 1666 1675 1684 1694 1703 1712 1715
 1722 1731 1740 1749 1759 1766 1814 1823 1832 1842 1851 1860 1870 1879
 1888 1897 1906 1915 1924 1933 1943 1953 1961 1971 1980 1989 1998 2007
 2017 2023 2035 2044 2054 2063 2072 2082 2091 2109 2121 2127 2137 2146
 2155 2165 2183 2192 2201 2210 2219 2229 2239 2248 2256 2263 2269 2275
 2294 2303 2313 2330 2349 2358 2405 2441 2460 2469 2478 2487 2497 2506
 2515 2524 2534 2543 2552 2561 2570 2580 2588 2598 2608 2617 2626 2635
 2644 2653 2663 2681 2700 2718 2737 2746 2756 2773 2783 2791 2801 2810
 2820 2829 2839 2847 2857 2866 2875 2884 2894 2914 2930 2950 2958 2976
 2996 3014 3032 3050 3060 3069 3078 3088 3097 3106 3115 3133 3142 3151
 3161 3180 3198 3208 3217 3225 3245 3254 3263 3272 3290 3300 3309 3346
 3357 3364 3392 3401 3411 3430 3435 3448 3466 3474 3503 3521 3539 3586
 3604 3622 3641 3659 3669 3678 3687 3696 3706 3715 3724 3733 3751 3770
 3779 3789 3798 3807 3816 3826 3835 3844 3854 3863 3874 3881 3900 3907
 3918 3937 3946 3955 3964 3973 3982 3991 4001 4019 4028 4047 4065 4084
 4102 4112 4121 4131 4167 4193 4205 4213 4222 4232 4240 4250 4269 4277
 4286 4296 4313 4324 4333 4340 4352 4358 4361 4379 4389 4398 4407 4416
 4426 4435 4444 4453 4471 4490 4509 4519 4528 4537 4545 4563 4573 4582
 4591 4619 4638 4647 4656 4702 4722 4729 4749 4786 4804 4822 4832 4841
 4850 4869 4878 4887 4905 4914 4923 4933 4951 4980 4989 4997 5017 5062
 5099 5109 5126 5136 5155 5164 5173 5183 5210 5229 5247 5266 5292 5358
 5377 5395 5413 5423 5432 5441 5450 5459 5468 5478 5496 5505 5524 5542
 5571 5579 5589 5708 5727 5773 5792 5798 5838 5847 5866 5985 6003 6013
 6022 6040 6050 6059 6068 6077 6105 6114 6133 6142 6151 6161 6170 6179
 6187 6197 6206 6215 6225 6262 6280 6299 6308 6327 6336 6346 6354 6363
 6373 6402 6428 6447 6456 6475 6482 6501 6510 6520 6539 6557 6576 6594
 6604 6622 6631 6649 6659 6668 6687 6695 6705 6723 6742 6751 6778 6788
 6797 6815 6834 6843 6870 6889 6898 6926 6936 6945 6955 6973 6980 6992
 7010 7018 7028 7040 7049 7075 7082 7085 7092 7149 7166 7185 7194 7204
 7213 7222 7231 7240 7250 7276 7314 7333 7343 7360 7379 7425 7444 7489
 7499 7517 7545 7572 7591 7757 7794 7803 7822 7868 7886 7905 7934 7951
 8071 8090 8136 8154 8161 8173 8200 8210 8228 8247 8265 8366 8375 8393
 8441 8459 8467 8514 8523 8542 8588 8615 8689 8699 8763]
            

times: [0.00000000e+00 2.32199546e-02 4.64399093e-02 ... 2.09536871e+02
 2.09560091e+02 2.09583311e+02]


'onset_strength: [0. 0. 0. ... 0. 0. 0.]