
Music: Harry Styles - Adore You
            
Intro: 1 seconds
            

'beats': [  11   37   64   89  116  142  168  195  221  247  273  299  325  352
  378  404  430  456  482  508  534  560  587  613  639  665  691  717
  743  769  795  821  848  874  900  926  952  978 1004 1030 1057 1083
 1109 1135 1161 1187 1213 1239 1265 1291 1318 1344 1370 1396 1422 1448
 1474 1500 1526 1552 1578 1605 1631 1657 1683 1709 1735 1761 1787 1814
 1840 1866 1892 1918 1944 1970 1996 2022 2049 2074 2101 2127 2153 2179
 2205 2231 2257 2277 2303 2329 2355 2381 2408 2434 2460 2486 2512 2538
 2564 2590 2616 2642 2668 2695 2721 2747 2773 2799 2825 2851 2877 2903
 2929 2962 2988 3014 3040 3066 3092 3118 3144 3171 3197 3223 3249 3275
 3301 3327 3353 3379 3405 3432 3458 3484 3510 3536 3562 3588 3614 3640
 3666 3692 3719 3745 3771 3797 3823 3849 3875 3901 3928 3954 3980 4006
 4032 4058 4084 4110 4136 4162 4189 4215 4241 4267 4293 4319 4346 4372
 4398 4424 4450 4476 4502 4528 4554 4580 4606 4632 4659 4685 4711 4737
 4763 4789 4815 4841 4867 4893 4920 4946 4972 4998 5024 5050 5076 5102
 5128 5154 5180 5207 5233 5259 5285 5311 5337 5363 5389 5415 5442 5468
 5494 5520 5546 5572 5598 5624 5650 5677 5703 5729 5755 5781 5807 5833
 5859 5885 5911 5937 5963 5990 6016 6042 6068 6094 6120 6146 6172 6198
 6224 6251 6277 6303 6329 6355 6381 6407 6433 6459 6485 6512 6538 6564
 6590 6616 6642 6668 6694 6720 6747 6773 6799 6825 6851 6877 6903 6929
 6955 6981 7007 7033 7058 7083 7108 7133 7158 7183 7210 7237 7263 7288
 7316 7344 7372 7401 7426 7451 7477 7503 7528 7552 7577 7602 7628 7654
 7680 7706 7732 7758 7784 7810 7836 7862 7889 7915 7941 7967 7993 8019
 8045 8072 8098 8123 8150 8176 8202 8228 8254 8280 8306 8333 8359 8385
 8411 8437 8463 8489 8515 8541 8567 8593 8620 8646 8672 8698 8724 8750
 8776 8802 8828 8854 8881 8907 8932 8958 8981 9005 9031 9057 9083 9109
 9135 9160 9185 9210]

bpm_google: 99

bpm_librosa: 198.76802884615384
            

onset_frames: [  10   37   50   57   63   77   83   89  103  109  116  129  136  142
  168  182  189  194  215  221  233  241  247  260  267  273  286  293
  299  306  312  319  325  338  345  351  359  364  371  377  391  397
  403  411  416  423  429  437  443  449  456  463  469  482  502  508
  528  534  541  547  554  560  578  586  604  612  626  639  652  659
  665  672  678  691  704  710  717  724  730  736  743  750  756  762
  769  776  782  789  795  808  815  821  829  834  841  847  860  899
  925  939  945  952  965  971  978  991 1004 1024 1030 1050 1056 1069
 1076 1082 1108 1121 1128 1134 1147 1154 1160 1167 1173 1181 1187 1193
 1213 1226 1232 1239 1246 1252 1258 1265 1272 1278 1285 1291 1311 1317
 1336 1343 1357 1363 1370 1383 1389 1395 1409 1416 1422 1435 1442 1448
 1461 1467 1474 1481 1487 1494 1500 1520 1526 1552 1572 1578 1591 1598
 1604 1630 1643 1657 1670 1676 1682 1692 1698 1708 1729 1735 1755 1761
 1781 1787 1807 1813 1833 1839 1852 1859 1866 1872 1885 1892 1905 1918
 1944 1957 1962 1970 1990 1996 2009 2016 2022 2061 2068 2074 2081 2087
 2094 2100 2114 2126 2147 2153 2173 2179 2192 2205 2218 2225 2231 2244
 2251 2257 2270 2276 2283 2290 2303 2309 2322 2335 2361 2374 2380 2388
 2407 2414 2426 2440 2453 2466 2473 2492 2499 2505 2512 2525 2544 2557
 2564 2570 2584 2590 2596 2603 2609 2616 2622 2629 2635 2641 2648 2655
 2661 2668 2674 2682 2688 2694 2701 2708 2714 2720 2727 2734 2740 2746
 2753 2766 2773 2779 2792 2799 2805 2812 2818 2824 2831 2838 2844 2850
 2857 2864 2870 2877 2883 2896 2902 2909 2916 2922 2929 2935 2942 2948
 2962 2974 2987 3013 3040 3050 3060 3066 3092 3111 3118 3138 3144 3157
 3164 3170 3178 3184 3197 3209 3216 3222 3229 3235 3242 3248 3262 3268
 3274 3282 3288 3294 3300 3314 3320 3327 3334 3340 3346 3353 3360 3366
 3372 3379 3386 3392 3399 3405 3425 3431 3445 3451 3458 3464 3471 3477
 3483 3510 3523 3529 3535 3549 3556 3562 3569 3575 3582 3588 3614 3627
 3634 3640 3647 3653 3660 3666 3674 3679 3698 3719 3731 3738 3744 3751
 3757 3764 3770 3777 3784 3796 3818 3823 3830 3836 3842 3849 3875 3895
 3901 3909 3914 3927 3941 3954 3980 3999 4005 4019 4032 4045 4058 4070
 4077 4083 4104 4110 4136 4149 4156 4162 4175 4182 4188 4202 4215 4224
 4241 4287 4293 4319 4339 4345 4365 4379 4391 4424 4450 4469 4483 4515
 4528 4574 4580 4594 4606 4632 4652 4658 4685 4704 4711 4724 4737 4750
 4756 4762 4776 4782 4789 4796 4808 4815 4828 4835 4841 4867 4880 4886
 4893 4900 4913 4920 4932 4939 4945 4972 4984 4991 4997 5004 5011 5017
 5024 5050 5070 5076 5096 5102 5115 5122 5128 5141 5148 5154 5174 5180
 5193 5200 5206 5213 5226 5233 5246 5259 5285 5292 5298 5303 5311 5331
 5350 5363 5389 5396 5415 5422 5428 5435 5448 5461 5481 5487 5507 5513
 5519 5526 5532 5539 5545 5553 5558 5565 5572 5579 5585 5591 5597 5605
 5611 5618 5624 5631 5637 5644 5657 5663 5669 5676 5689 5696 5702 5722
 5728 5735 5741 5748 5754 5761 5767 5774 5780 5787 5793 5800 5806 5820
 5826 5833 5839 5846 5852 5859 5885 5911 5931 5937 5950 5956 5963 5977
 5989 5996 6003 6009 6015 6029 6035 6041 6048 6055 6060 6068 6081 6087
 6094 6107 6120 6133 6139 6146 6152 6159 6165 6172 6186 6192 6198 6211
 6218 6224 6238 6244 6250 6264 6270 6276 6283 6290 6303 6309 6316 6322
 6329 6342 6348 6355 6361 6368 6374 6381 6394 6400 6407 6420 6427 6433
 6446 6453 6459 6465 6472 6478 6485 6499 6505 6512 6524 6531 6537 6551
 6564 6577 6583 6590 6603 6616 6629 6642 6662 6668 6675 6681 6687 6694
 6714 6733 6746 6753 6766 6773 6786 6791 6798 6818 6825 6838 6851 6858
 6871 6877 6890 6895 6903 6910 6916 6923 6929 6949 6955 6975 6981 6994
 7000 7007 7020 7028 7034 7183 7197 7210 7229 7243 7264 7286 7302 7315
 7334 7347 7372 7401 7451 7477 7503 7523 7528 7536 7582 7595 7601 7608
 7615 7647 7654 7705 7791 7797 7804 7825 7835 7843 7849 7856 7862 7868
 7882 7895 7915 7921 7934 7947 7973 7993 7999 8012 8019 8032 8039 8045
 8078 8104 8111 8117 8122 8137 8150 8156 8169 8182 8208 8221 8227 8234
 8241 8247 8254 8260 8286 8306 8312 8326 8332 8339 8352 8365 8378 8391
 8404 8410 8417 8424 8430 8436 8443 8449 8456 8462 8482 8534 8540 8554
 8561 8567 8574 8587 8626 8645 8652 8659 8665 8671 8678 8685 8691 8698
 8704 8717 8724 8730 8743 8749 8756 8763 8769 8776 8782 8809 8821 8828
 8834 8847 8854 8860 8867 8873 8880 8887 8900 8907 8913 8926 8932 8939
 8952 8958 8965 8972 8985 9004 9017 9043 9050 9057 9070 9076 9089 9102
 9115 9135 9141 9160 9209 9218 9223]
            

times: [0.00000000e+00 2.32199546e-02 4.64399093e-02 ... 2.18453333e+02
 2.18476553e+02 2.18499773e+02]


'onset_strength: [0. 0. 0. ... 0. 0. 0.]