
Music: Jorge Vercilo - Que Nem Mare
            
Intro: 23 seconds
            

'beats': [  28   48   69   90  109  131  152  173  194  214  235  256  274  296
  318  338  359  380  401  421  442  462  483  504  524  545  566  586
  607  627  648  669  689  710  731  752  772  793  814  834  855  876
  896  917  938  959  979 1000 1019 1040 1062 1081 1102 1123 1144 1164
 1185 1206 1227 1247 1268 1288 1309 1329 1350 1371 1392 1412 1433 1453
 1475 1495 1515 1536 1558 1577 1598 1619 1640 1661 1681 1702 1723 1743
 1765 1785 1805 1825 1846 1867 1889 1909 1930 1950 1971 1992 2013 2033
 2054 2074 2095 2116 2137 2157 2177 2199 2220 2240 2261 2281 2301 2322
 2343 2364 2384 2405 2426 2446 2467 2487 2508 2528 2549 2570 2590 2611
 2632 2652 2673 2693 2715 2736 2756 2777 2798 2818 2839 2859 2880 2900
 2922 2943 2963 2984 3005 3025 3046 3066 3087 3108 3128 3149 3170 3190
 3211 3231 3252 3273 3294 3314 3335 3356 3377 3398 3418 3438 3459 3480
 3500 3521 3542 3562 3583 3605 3626 3646 3667 3687 3708 3729 3748 3770
 3791 3811 3832 3852 3874 3894 3914 3935 3956 3978 3998 4018 4039 4058
 4080 4101 4122 4141 4162 4183 4204 4224 4245 4266 4287 4308 4328 4349
 4370 4390 4411 4431 4453 4473 4493 4513 4535 4555 4575 4596 4618 4639
 4659 4680 4701 4721 4742 4763 4784 4804 4825 4845 4866 4886 4907 4928
 4949 4969 4990 5010 5031 5052 5073 5094 5114 5135 5155 5176 5197 5217
 5237 5258 5280 5300 5321 5341 5361 5382 5403 5424 5444 5465 5485 5506
 5527 5547 5568 5589 5610 5630 5651 5672 5692 5713 5734 5754 5775 5796
 5816 5837 5858 5878 5899 5919 5940 5961 5982 6002 6023 6044 6064 6085
 6106 6127 6147 6168 6189 6209 6230 6250 6271 6292 6312 6333 6354 6374
 6395 6416 6437 6457 6478 6499 6520 6540 6561 6582 6602 6623 6644 6664
 6685 6706 6726 6747 6768 6789 6809 6830 6850 6871 6892 6913 6933 6954
 6975 6996 7016 7037 7057 7078 7099 7120 7140 7161 7181 7202 7223 7243
 7264 7285 7306 7327 7347 7367 7388 7409 7430 7450 7471 7492 7512 7533
 7554 7574 7595 7615 7636 7657 7678 7698 7719 7740 7761 7781 7802 7822
 7843 7864 7884 7905 7926 7946 7967 7988 8009 8029 8049 8070 8091 8112
 8132 8153 8174 8194 8215 8235 8256 8276 8297 8318 8339 8359 8380 8401
 8422 8442 8463 8484 8505 8526 8546 8567 8588 8608 8629 8650 8670 8691
 8711 8732 8753 8773 8794 8814 8836 8856 8877 8897 8918 8938 8959 8979
 9001 9021 9042 9062 9083 9104 9125 9145 9166 9187 9208 9228 9248 9268
 9290 9311 9332 9352 9373 9393 9414 9434 9456 9476 9497 9518 9538 9559
 9580 9600 9621 9642 9663 9684 9704]

bpm_google: 125

bpm_librosa: 123.046875
            

onset_frames: [  28   38   48   58   90  101  108  111  131  142  163  173  183  193
  214  224  235  246  255  266  274  297  307  318  328  338  349  358
  379  390  400  411  421  431  441  452  462  472  483  493  503  524
  544  555  565  586  596  602  607  627  638  648  669  689  709  720
  731  751  762  772  793  803  813  824  834  844  855  875  886  896
  907  917  927  959  969  979  995  999 1019 1040 1051 1062 1073 1081
 1092 1102 1114 1123 1133 1144 1155 1164 1175 1185 1205 1216 1227 1238
 1246 1258 1267 1288 1299 1310 1320 1329 1340 1350 1371 1381 1392 1403
 1412 1423 1433 1445 1453 1464 1475 1485 1495 1506 1515 1528 1536 1546
 1558 1569 1577 1589 1598 1619 1629 1650 1660 1670 1678 1681 1701 1712
 1723 1734 1743 1754 1764 1775 1784 1795 1806 1816 1825 1836 1846 1866
 1878 1889 1908 1919 1930 1941 1949 1960 1971 1981 1991 2002 2006 2012
 2033 2043 2054 2074 2085 2095 2106 2115 2126 2137 2147 2156 2177 2198
 2209 2230 2240 2250 2256 2262 2281 2291 2301 2311 2322 2337 2343 2363
 2374 2384 2394 2404 2415 2421 2426 2441 2446 2455 2467 2477 2487 2503
 2508 2528 2539 2549 2570 2589 2606 2611 2621 2626 2632 2652 2673 2689
 2693 2704 2710 2714 2725 2735 2756 2776 2787 2797 2808 2818 2829 2838
 2854 2858 2869 2880 2890 2900 2912 2922 2942 2951 2961 2973 2984 3000
 3005 3025 3036 3046 3055 3066 3077 3083 3087 3097 3103 3107 3117 3138
 3149 3164 3170 3190 3200 3211 3231 3251 3273 3283 3288 3304 3314 3335
 3346 3355 3366 3377 3387 3397 3418 3438 3449 3459 3469 3479 3491 3500
 3520 3531 3541 3552 3562 3582 3604 3615 3626 3636 3646 3657 3666 3678
 3687 3698 3708 3728 3747 3769 3780 3791 3801 3811 3822 3832 3843 3852
 3862 3873 3893 3904 3914 3934 3945 3955 3967 3978 3989 4039 4048 4058
 4077 4080 4100 4110 4122 4132 4141 4152 4162 4174 4182 4193 4204 4214
 4224 4235 4243 4245 4265 4276 4287 4297 4307 4317 4328 4339 4348 4358
 4370 4380 4387 4390 4400 4410 4423 4431 4441 4452 4463 4472 4483 4493
 4513 4524 4535 4545 4555 4566 4575 4596 4607 4629 4638 4648 4659 4679
 4690 4710 4721 4729 4731 4736 4762 4772 4796 4803 4814 4824 4844 4855
 4866 4877 4886 4896 4909 4928 4938 4949 4959 4969 4979 4990 5001 5010
 5020 5031 5042 5051 5072 5084 5093 5104 5125 5135 5145 5155 5175 5186
 5197 5207 5216 5227 5237 5249 5258 5269 5279 5289 5300 5310 5316 5341
 5350 5361 5372 5377 5382 5393 5402 5423 5434 5444 5454 5464 5475 5480
 5485 5501 5506 5517 5526 5537 5547 5558 5568 5584 5589 5599 5609 5620
 5630 5641 5646 5650 5661 5671 5682 5692 5713 5723 5733 5744 5754 5764
 5774 5785 5794 5796 5806 5811 5816 5837 5847 5857 5868 5878 5889 5899
 5909 5914 5919 5929 5935 5940 5950 5956 5960 5970 5976 5982 5996 6002
 6012 6023 6033 6044 6054 6064 6080 6085 6095 6106 6116 6126 6137 6142
 6147 6163 6168 6178 6188 6199 6207 6218 6229 6250 6261 6271 6281 6291
 6302 6312 6323 6328 6333 6344 6354 6364 6374 6385 6395 6405 6411 6415
 6426 6437 6447 6456 6468 6473 6478 6498 6509 6519 6529 6535 6540 6550
 6560 6571 6581 6592 6602 6612 6623 6633 6644 6664 6674 6680 6685 6695
 6706 6716 6726 6737 6742 6747 6757 6763 6768 6778 6788 6799 6804 6809
 6817 6825 6830 6840 6850 6861 6871 6892 6902 6907 6912 6923 6933 6943
 6954 6995 7006 7016 7026 7037 7046 7057 7072 7078 7088 7098 7108 7119
 7129 7140 7155 7160 7171 7176 7181 7192 7202 7213 7222 7233 7243 7250
 7254 7264 7274 7284 7295 7301 7326 7334 7356 7367 7378 7383 7388 7408
 7419 7429 7439 7450 7460 7466 7471 7486 7491 7502 7512 7521 7532 7548
 7553 7573 7584 7595 7605 7615 7626 7631 7635 7652 7657 7667 7672 7688
 7693 7698 7709 7718 7729 7734 7739 7750 7760 7770 7781 7801 7817 7822
 7832 7843 7853 7863 7874 7879 7884 7895 7899 7904 7915 7925 7935 7945
 7956 7967 7988 7997 8008 8018 8024 8029 8040 8049 8070 8080 8091 8101
 8111 8122 8127 8132 8148 8152 8173 8192 8194 8203 8215 8235 8246 8256
 8266 8276 8287 8297 8308 8318 8339 8359 8370 8380 8396 8400 8411 8422
 8432 8442 8453 8458 8463 8483 8494 8504 8515 8525 8535 8546 8556 8587
 8598 8608 8618 8624 8649 8660 8670 8680 8690 8701 8706 8711 8722 8727
 8732 8742 8752 8762 8773 8783 8794 8804 8809 8814 8825 8830 8835 8845
 8855 8866 8876 8887 8892 8896 8907 8917 8928 8938 8949 8954 8959 8970
 8975 8979 8990 9000 9010 9016 9021 9032 9041 9052 9058 9062 9083 9093
 9103 9114 9124 9145 9166 9176 9186 9207 9223 9227 9238 9243 9248 9258
 9268 9279 9290 9311 9321 9332 9342 9352 9363 9373 9389 9393 9404 9414
 9424 9434 9445 9455 9476 9486 9497 9507 9518 9538 9554 9559 9570 9580
 9590 9600 9621 9642 9652 9663 9673 9683 9704 9724 9766 9787 9808]
            

times: [0.00000000e+00 2.32199546e-02 4.64399093e-02 ... 2.30504490e+02
 2.30527710e+02 2.30550930e+02]


'onset_strength: [0.         0.         0.         ... 0.05842295 0.11030111 0.08593026]