
Music: Matuê - Anos Luz 🌠
            
Intro: 19 seconds
            

'beats': [  822   847   871   895   918   942   966   989  1013  1036  1060  1083
  1107  1130  1154  1177  1201  1224  1249  1271  1295  1318  1342  1365
  1391  1412  1435  1458  1483  1506  1529  1553  1578  1600  1624  1647
  1671  1695  1718  1741  1765  1788  1812  1834  1858  1882  1906  1929
  1952  1976  1999  2022  2047  2070  2093  2117  2141  2164  2187  2210
  2235  2259  2280  2306  2329  2351  2375  2398  2422  2446  2469  2492
  2516  2539  2563  2586  2610  2634  2657  2680  2704  2727  2751  2774
  2798  2821  2845  2868  2892  2915  2938  2962  2986  3010  3033  3056
  3079  3103  3127  3151  3174  3197  3220  3244  3268  3292  3316  3340
  3364  3387  3410  3433  3456  3480  3503  3527  3551  3574  3598  3622
  3646  3670  3695  3716  3739  3762  3785  3809  3832  3855  3879  3902
  3929  3952  3975  3996  4019  4042  4066  4089  4113  4137  4160  4184
  4207  4231  4255  4278  4301  4325  4348  4372  4395  4419  4442  4465
  4485  4507  4530  4554  4578  4606  4630  4653  4678  4701  4725  4748
  4772  4794  4818  4841  4865  4889  4912  4935  4959  4982  5006  5029
  5053  5077  5100  5123  5147  5170  5194  5217  5241  5265  5288  5311
  5335  5358  5382  5405  5429  5453  5477  5501  5524  5546  5570  5593
  5617  5640  5664  5687  5711  5734  5758  5781  5805  5828  5852  5875
  5899  5922  5945  5969  5993  6016  6040  6063  6087  6110  6134  6157
  6181  6205  6228  6251  6275  6298  6322  6345  6368  6392  6416  6439
  6462  6486  6510  6533  6557  6580  6604  6627  6651  6675  6698  6721
  6745  6769  6790  6814  6838  6861  6885  6908  6932  6956  6979  7003
  7026  7050  7073  7096  7120  7144  7167  7190  7214  7238  7261  7284
  7308  7332  7355  7378  7402  7425  7449  7472  7496  7520  7545  7569
  7590  7613  7637  7660  7684  7708  7731  7754  7778  7802  7825  7848
  7872  7895  7919  7942  7966  7989  8013  8036  8059  8083  8107  8130
  8154  8177  8201  8224  8248  8271  8294  8316  8342  8365  8389  8412
  8436  8459  8482  8506  8530  8553  8576  8599  8623  8647  8671  8694
  8718  8742  8765  8788  8812  8835  8858  8882  8906  8929  8952  8975
  8999  9023  9047  9071  9094  9117  9141  9164  9188  9211  9234  9258
  9282  9305  9328  9352  9375  9399  9423  9446  9469  9492  9515  9539
  9563  9587  9610  9634  9658  9681  9704  9727  9752  9775  9799  9822
  9845  9868  9892  9915  9939  9963  9986 10009 10033 10057 10080 10103
 10127 10150 10174 10197 10221 10244 10268 10291 10314 10338 10362 10385
 10409 10432 10456 10479 10503 10526 10550 10573 10597]

bpm_google: 110

bpm_librosa: 107.666015625
            

onset_frames: [   96   191   284   379   472   660   754   847   863   871   883   888
   894   911   918   935   942   965   983   989  1000  1031  1059  1061
  1082  1099  1129  1138  1145  1163  1176  1185  1193  1201  1207  1212
  1220  1224  1239  1249  1270  1279  1287  1294  1310  1318  1334  1341
  1349  1365  1391  1398  1404  1412  1429  1444  1453  1458  1468  1475
  1483  1499  1506  1515  1523  1540  1547  1553  1560  1565  1578  1599
  1633  1646  1663  1681  1688  1695  1702  1710  1717  1726  1732  1740
  1751  1756  1765  1776  1787  1805  1834  1858  1867  1882  1913  1921
  1940  1968  1975  2017  2022  2039  2069  2079  2086  2093  2101  2110
  2116  2118  2151  2157  2163  2210  2252  2259  2265  2275  2280  2290
  2296  2305  2314  2319  2329  2338  2345  2351  2384  2398  2469  2480
  2492  2503  2509  2516  2526  2539  2563  2574  2579  2586  2657  2680
  2691  2698  2704  2715  2727  2745  2760  2768  2774  2797  2821  2828
  2844  2856  2868  2879  2884  2892  2903  2908  2915  2932  2938  2947
  2962  2979  3027  3056  3067  3103  3291  3315  3321  3363  3472  3479
  3491  3497  3503  3517  3527  3597  3660  3669  3679  3686  3695  3708
  3716  3785  3824  3831  3840  3854  3866  3878  3897  3902  3929  3935
  3945  3975  3996  4007  4014  4042  4047  4071  4077  4082  4089  4113
  4131  4178  4183  4195  4213  4221  4231  4254  4277  4289  4296  4308
  4313  4325  4331  4338  4348  4357  4364  4366  4383  4408  4419  4442
  4451  4459  4465  4484  4496  4501  4522  4530  4554  4565  4571  4589
  4595  4606  4629  4639  4646  4653  4670  4677  4693  4710  4717  4724
  4735  4747  4757  4759  4765  4774  4783  4794  4812  4818  4826  4834
  4841  4850  4865  4888  4900  4911  4922  4928  4935  4944  4947  4959
  4965  4970  4982  5006  5024  5029  5047  5076  5100  5111  5118  5123
  5132  5147  5159  5170  5193  5203  5212  5217  5241  5257  5272  5288
  5299  5305  5311  5322  5335  5341  5346  5373  5382  5398  5408  5417
  5421  5428  5444  5452  5477  5485  5492  5501  5504  5509  5516  5537
  5541  5545  5558  5569  5592  5609  5633  5640  5648  5655  5665  5673
  5687  5695  5703  5710  5717  5730  5734  5750  5758  5760  5781  5789
  5804  5813  5820  5828  5844  5851  5859  5875  5886  5908  5915  5922
  5939  5945  5955  5963  5968  5978  5985  5993  6009  6016  6025  6033
  6050  6057  6063  6070  6074  6086  6104  6109  6143  6157  6174  6192
  6198  6205  6212  6220  6227  6237  6251  6261  6266  6275  6286  6298
  6315  6344  6368  6377  6392  6409  6424  6431  6439  6451  6468  6478
  6532  6549  6580  6589  6597  6603  6611  6615  6620  6627  6662  6667
  6720  6762  6769  6776  6785  6814  6820  6826  6838  6850  6861  6895
  6908  6979  6991  7002  7013  7020  7026  7036  7049  7074  7084  7090
  7096  7144  7167  7190  7202  7208  7214  7226  7237  7255  7270  7278
  7284  7308  7328  7355  7367  7373  7378  7390  7395  7402  7408  7413
  7418  7425  7442  7449  7457  7472  7490  7497  7538  7553  7578  7613
  7660  7683  7707  7731  7742  7754  7766  7801  7824  7847  7872  7895
  7918  7941  7954  7972  7977  7988  8036  8083  8118  8130  8146  8177
  8200  8223  8247  8271  8294  8306  8315  8334  8342  8351  8376  8400
  8411  8424  8435  8458  8470  8482  8494  8506  8517  8552  8565  8576
  8599  8609  8623  8638  8641  8647  8663  8679  8694  8713  8725  8731
  8776  8787  8811  8835  8858  8869  8882  8890  8897  8905  8928  8952
  8962  8975  8985  8999  9009  9016  9023  9031  9046  9057  9064  9086
  9094  9103  9116  9163  9246  9258  9269  9275  9281  9305  9340  9351
  9436  9445  9457  9463  9469  9511  9533  9539  9622  9633  9645  9650
  9657  9669  9681  9704  9727  9821  9833  9868  9915  9939  9962  9985
  9997 10009 10021 10056 10079 10102 10126 10150 10173 10196 10209 10227
 10232 10244 10267 10279 10291 10314 10337 10361 10373 10385 10393 10401
 10408 10432 10455 10478 10488 10502 10525 10549 10561 10573 10585 10603
 10608 10619 10808 10902 11090 11184 11278]
            

times: [0.00000000e+00 2.32199546e-02 4.64399093e-02 ... 2.63964444e+02
 2.63987664e+02 2.64010884e+02]


'onset_strength: [0.         0.         0.         ... 0.6515473  0.80731666 0.40829974]