
Music: MC Fioti - Bum Bum Tam Tam
            
Intro: 10 seconds
            

'beats': [  47   68   88  108  128  148  168  188  207  227  247  267  287  307
  327  346  365  384  403  423  443  462  482  502  521  540  560  579
  599  618  638  658  677  697  716  736  756  775  795  815  835  854
  874  893  912  932  953  973  993 1012 1031 1050 1069 1088 1107 1126
 1144 1164 1184 1204 1223 1243 1265 1284 1304 1324 1343 1362 1382 1402
 1426 1450 1470 1490 1510 1529 1549 1568 1588 1607 1627 1646 1666 1685
 1705 1724 1744 1764 1783 1803 1827 1849 1871 1891 1911 1931 1950 1970
 1989 2008 2028 2047 2066 2086 2107 2126 2146 2165 2185 2204 2224 2243
 2263 2283 2303 2322 2341 2361 2381 2400 2420 2439 2459 2478 2498 2518
 2538 2557 2576 2596 2616 2635 2654 2674 2694 2713 2731 2752 2772 2792
 2812 2831 2850 2870 2890 2909 2928 2948 2968 2987 3008 3027 3046 3066
 3086 3105 3124 3144 3164 3184 3202 3222 3243 3262 3281 3301 3321 3340
 3359 3379 3399 3418 3437 3457 3477 3497 3515 3535 3555 3575 3594 3614
 3634 3654 3673 3693 3712 3731 3751 3771 3791 3811 3831 3850 3869 3888
 3907 3926 3945 3963 3982 4002 4022 4042 4062 4084 4103 4123 4143 4162
 4181 4201 4221 4245 4269 4289 4309 4329 4348 4368 4387 4407 4426 4446
 4465 4485 4504 4524 4543 4563 4582 4602 4622 4646 4668 4690 4710 4730
 4750 4769 4789 4808 4827 4847 4867 4886 4905 4926 4945 4965 4984 5004
 5023 5043 5062 5082 5101 5122 5141 5160 5180 5200 5219 5238 5258 5278
 5297 5317 5336 5357 5376 5395 5415 5435 5454 5473 5493 5513 5532 5551
 5571 5591 5610 5630 5649 5669 5689 5709 5728 5747 5767 5787 5806 5827
 5846 5865 5884 5904 5924 5943 5963 5983 6003 6021 6041 6062 6081 6100
 6119 6140 6159 6178 6197 6217 6237 6256 6276 6296 6316 6334 6354 6374
 6394 6413]

bpm_google: 132

bpm_librosa: 129.19921875
            

onset_frames: [  46   72  345  403  423  442  461  481  496  511  530  540  550  559
  574  589  599  613  618  628  638  652  667  687  696  706  716  731
  745  755  770  775  785  794  805  815  823  835  842  848  853  861
  867  874  900  912  920  932  942  952  963  977  985  993 1005 1012
 1030 1041 1050 1056 1068 1082 1088 1095 1100 1125 1137 1143 1156 1163
 1186 1216 1222 1242 1265 1304 1314 1324 1333 1342 1353 1362 1381 1391
 1401 1411 1421 1431 1436 1442 1450 1461 1470 1480 1489 1499 1509 1514
 1520 1528 1538 1548 1558 1567 1577 1588 1592 1598 1607 1617 1627 1636
 1646 1656 1666 1671 1676 1685 1695 1705 1714 1724 1734 1749 1763 1783
 1793 1803 1812 1827 1841 1852 1861 1871 1881 1891 1910 1930 1950 1959
 1969 1989 2000 2028 2037 2086 2096 2107 2116 2126 2135 2145 2155 2165
 2175 2185 2194 2204 2214 2223 2234 2243 2253 2262 2273 2282 2292 2297
 2303 2311 2322 2331 2341 2351 2361 2371 2375 2381 2390 2400 2410 2419
 2429 2439 2449 2454 2459 2468 2478 2487 2497 2507 2517 2527 2532 2538
 2546 2556 2566 2576 2586 2595 2616 2627 2634 2643 2648 2654 2661 2665
 2694 2713 2724 2729 2752 2772 2791 2811 2850 2859 2866 2870 2883 2909
 2928 2947 2967 2978 2987 3002 3008 3016 3027 3036 3046 3055 3065 3075
 3080 3094 3124 3134 3143 3158 3164 3173 3193 3202 3212 3222 3232 3236
 3243 3251 3272 3280 3300 3315 3321 3329 3340 3349 3359 3369 3378 3393
 3408 3418 3437 3447 3456 3471 3486 3496 3505 3515 3525 3535 3545 3550
 3564 3575 3584 3594 3604 3614 3623 3634 3642 3654 3661 3667 3672 3680
 3685 3693 3719 3731 3739 3751 3761 3771 3782 3796 3804 3812 3824 3831
 3849 3860 3869 3875 3887 3901 3907 3914 3919 3944 3956 3962 3975 3982
 4005 4035 4041 4061 4084 4123 4133 4142 4152 4161 4172 4181 4200 4210
 4220 4230 4240 4250 4255 4260 4269 4280 4289 4299 4308 4318 4328 4333
 4338 4347 4357 4367 4377 4386 4396 4406 4411 4417 4426 4436 4446 4455
 4465 4475 4485 4490 4495 4504 4514 4524 4533 4543 4553 4568 4582 4602
 4612 4621 4631 4646 4660 4670 4680 4690 4700 4710 4750 4769 4778 4788
 4808 4819 4847 4856 4867 4905 4915 4926 4935 4945 4954 4964 4974 4984
 4994 5003 5013 5023 5033 5042 5053 5062 5072 5081 5092 5101 5111 5116
 5122 5130 5140 5150 5160 5170 5179 5190 5194 5200 5209 5219 5229 5238
 5248 5258 5268 5273 5278 5287 5297 5306 5316 5326 5336 5346 5351 5357
 5365 5375 5385 5395 5405 5414 5434 5446 5453 5462 5473 5480 5484 5513
 5532 5542 5548 5571 5591 5610 5630 5669 5678 5685 5689 5702 5727 5747
 5766 5786 5806 5820 5826 5835 5845 5855 5864 5874 5884 5894 5899 5913
 5943 5953 5962 5977 5983 5992 6012 6021 6031 6041 6051 6055 6062 6070
 6090 6099 6119 6134 6140 6148 6159 6168 6178 6187 6197 6212 6226 6237
 6256 6266 6275 6290 6305 6315 6324 6334 6344 6354 6364 6368 6383 6394
 6403 6412 6423 6432 6474 6508]
            

times: [0.00000000e+00 2.32199546e-02 4.64399093e-02 ... 1.70875646e+02
 1.70898866e+02 1.70922086e+02]


'onset_strength: [0. 0. 0. ... 0. 0. 0.]