
Music: Mike Posner - I Took A Pill In Ibiza
            
Intro: 1 seconds
            

'beats': [  10   29   55   83  111  135  165  193  218  244  269  295  320  347
  375  402  428  459  485  510  535  561  586  611  636  662  687  713
  738  763  788  814  839  864  890  916  941  966  992 1018 1042 1068
 1093 1118 1143 1168 1194 1219 1245 1270 1296 1321 1346 1371 1398 1426
 1454 1480 1505 1530 1556 1582 1607 1632 1656 1679 1701 1726 1751 1777
 1802 1827 1853 1878 1903 1928 1954 1979 2005 2030 2055 2081 2106 2131
 2156 2182 2207 2233 2258 2283 2308 2333 2359 2385 2410 2435 2461 2486
 2511 2536 2562 2587 2612 2638 2663 2688 2714 2739 2765 2790 2815 2840
 2866 2891 2916 2942 2967 2992 3018 3043 3068 3094 3119 3144 3170 3195
 3216 3240 3261 3284 3310 3335 3360 3386 3411 3436 3462 3487 3512 3537
 3563 3588 3614 3639 3665 3689 3715 3740 3766 3791 3816 3841 3867 3892
 3917 3943 3968 3993 4019 4044 4069 4094 4117 4141 4165 4188 4211 4235
 4261 4285 4310 4334 4361 4386 4410 4436 4461 4487 4512 4538 4562 4588
 4614 4639 4664 4690 4715 4740 4766 4791 4815 4841 4869 4893 4918 4943
 4969 4994 5019 5045 5070 5095 5121 5146 5171 5196 5222 5247 5272 5298
 5323 5349 5374 5399 5424 5450 5475 5500 5526 5551 5576 5602 5627 5653
 5678 5703 5728 5754 5779 5804 5827 5850 5874 5899 5926 5952 5977 6002
 6026 6048 6071 6096 6122 6147 6172 6198 6223 6248 6273 6299 6324 6349
 6374 6395 6420 6444 6467 6490 6514 6539 6565 6590 6615 6640 6666 6691
 6716 6742 6767 6792 6818 6843 6868 6894 6919 6945 6970 6995 7021 7046
 7071 7096 7122 7147 7172 7198 7223 7248 7270 7293 7315 7338 7363 7388
 7413 7439 7464 7489 7515 7540 7565 7591 7616 7641 7667 7692 7718 7743
 7768 7793 7819 7844 7869 7895 7920 7946 7971 7996 8021 8047 8072]

bpm_google: 102

bpm_librosa: 103.359375
            

onset_frames: [   9   15   21   28   49   55   74   92  111  129  135  143  155  165
  175  193  213  231  237  244  264  269  277  290  306  332  347  357
  363  369  377  391  396  402  416  421  428  434  446  459  478  497
  517  535  541  546  560  586  598  604  618  632  636  649  662  675
  682  687  699  713  720  726  733  738  758  763  771  776  783  788
  801  821  839  864  903  929  935  941  954  966  986 1004 1024 1030
 1042 1050 1063 1067 1076 1086 1093 1105 1111 1121 1125 1137 1143 1150
 1168 1176 1188 1194 1206 1227 1244 1265 1270 1290 1308 1325 1328 1333
 1335 1340 1346 1370 1391 1409 1429 1435 1447 1460 1473 1479 1491 1498
 1505 1511 1530 1548 1570 1581 1594 1607 1632 1675 1695 1701 1713 1733
 1751 1764 1789 1796 1802 1814 1834 1840 1846 1852 1878 1891 1898 1903
 1916 1935 1941 1948 1954 1979 1992 1999 2005 2017 2037 2043 2055 2080
 2093 2100 2106 2118 2138 2144 2151 2156 2182 2194 2201 2207 2219 2239
 2251 2258 2283 2296 2303 2308 2321 2341 2347 2353 2367 2385 2404 2410
 2423 2443 2460 2473 2485 2511 2524 2536 2544 2557 2562 2576 2587 2600
 2612 2625 2638 2643 2663 2688 2694 2701 2713 2726 2739 2746 2758 2764
 2777 2789 2810 2815 2828 2835 2840 2848 2866 2878 2886 2916 2929 2942
 2949 2962 2967 2981 2992 3005 3013 3017 3031 3043 3049 3068 3093 3099
 3106 3119 3132 3144 3152 3164 3170 3182 3195 3225 3283 3291 3322 3335
 3347 3354 3360 3367 3372 3385 3397 3410 3418 3423 3436 3448 3454 3461
 3474 3486 3499 3511 3524 3537 3549 3557 3562 3569 3575 3588 3600 3621
 3626 3638 3646 3651 3659 3676 3689 3697 3702 3715 3722 3727 3740 3752
 3760 3765 3773 3778 3790 3803 3816 3828 3841 3859 3867 3879 3892 3904
 3910 3917 3930 3942 3955 3962 3968 3974 3980 3993 4005 4026 4031 4044
 4064 4082 4088 4165 4183 4194 4210 4227 4235 4247 4261 4284 4291 4297
 4310 4323 4334 4344 4361 4372 4385 4394 4410 4418 4436 4443 4445 4455
 4469 4474 4481 4487 4493 4506 4512 4526 4532 4538 4550 4570 4576 4588
 4601 4609 4614 4621 4634 4646 4657 4672 4677 4689 4703 4709 4714 4727
 4735 4740 4747 4753 4772 4779 4786 4791 4797 4804 4810 4814 4828 4836
 4841 4854 4862 4870 4875 4880 4892 4943 4956 4976 4982 4994 5007 5019
 5039 5044 5057 5070 5077 5083 5095 5108 5120 5129 5140 5146 5158 5165
 5171 5174 5179 5184 5196 5203 5209 5221 5229 5235 5242 5247 5259 5272
 5280 5285 5297 5311 5323 5343 5349 5361 5374 5381 5386 5399 5423 5444
 5450 5462 5475 5483 5488 5500 5513 5526 5533 5545 5551 5558 5564 5576
 5584 5601 5614 5623 5627 5635 5647 5652 5660 5685 5703 5728 5796 5804
 5823 5850 5868 5888 5899 5906 5921 5961 5969 5989 6002 6007 6025 6053
 6070 6090 6108 6134 6159 6172 6192 6197 6204 6209 6229 6248 6255 6260
 6273 6293 6299 6305 6307 6349 6361 6374 6394 6399 6407 6420 6438 6451
 6458 6476 6496 6514 6526 6534 6539 6564 6577 6590 6597 6603 6610 6615
 6628 6640 6653 6661 6665 6678 6691 6697 6704 6716 6729 6741 6747 6754
 6767 6780 6792 6800 6805 6812 6818 6830 6843 6848 6868 6881 6888 6894
 6919 6932 6939 6970 6982 6995 7002 7008 7015 7020 7033 7045 7058 7066
 7071 7084 7096 7102 7109 7122 7135 7147 7152 7159 7172 7185 7197 7205
 7210 7217 7223 7236 7248 7307 7337 7345 7350 7363 7370 7375 7388 7400
 7408 7413 7420 7426 7438 7451 7463 7476 7489 7507 7515 7527 7540 7552
 7565 7578 7590 7603 7610 7616 7622 7628 7641 7653 7674 7679 7692 7699
 7712 7730 7742 7750 7768 7775 7780 7793 7806 7813 7818 7826 7831 7844
 7856 7869 7877 7882 7894 7907 7913 7920 7932 7958 7970 7983 7995 8008
 8016 8021 8028 8034 8046 8059 8079 8085 8097 8117 8135 8148]
            

times: [0.00000000e+00 2.32199546e-02 4.64399093e-02 ... 1.99645170e+02
 1.99668390e+02 1.99691610e+02]


'onset_strength: [0. 0. 0. ... 0. 0. 0.]