
Music: Patlamaya Devam
            
Intro: 10 seconds
            

'beats': [  15   41   66   91  117  142  168  194  220  245  271  296  322  347
  372  397  422  448  474  499  524  548  575  600  626  652  677  702
  727  753  779  804  830  855  881  906  931  956  981 1007 1033 1059
 1084 1109 1135 1161 1186 1211 1236 1262 1288 1313 1338 1364 1390 1415
 1440 1466 1491 1517 1542 1568 1594 1619 1644 1669 1695 1720 1746 1771
 1797 1822 1848 1873 1898 1924 1949 1975 2001 2026 2051 2077 2103 2128
 2153 2179 2205 2230 2255 2281 2307 2332 2357 2384 2409 2434 2459 2484
 2509 2535 2560 2586 2612 2637 2662 2688 2714 2739 2764 2790 2816 2841
 2866 2891 2918 2942 2968 2994 3019 3044 3070 3096 3121 3146 3171 3197
 3223 3248 3273 3299 3325 3350 3375 3400 3426 3452 3477 3503 3529 3553
 3578 3605 3631 3655 3681 3707 3732 3758 3783 3809 3835 3860 3885 3910
 3936 3961 3987 4012 4038 4063 4089 4114 4140 4165 4190 4216 4241 4267
 4292 4317 4343 4368 4394 4419 4445 4470 4496 4521 4547 4572 4598 4623
 4649 4674 4699 4725 4751 4776 4801 4827 4852 4878 4903 4929 4954 4980
 5005 5030 5056 5081 5107 5133 5158 5183 5209 5234 5260 5285 5311 5336
 5362 5387 5412 5438 5464 5489 5514 5540 5566 5591 5616 5642 5668 5693
 5718 5743 5769 5794 5820 5845 5871 5896 5921 5947 5973 5998 6023 6049
 6075 6100]

bpm_google: 102

bpm_librosa: 103.359375
            

onset_frames: [  14   40   53   79   91   97  104  110  116  141  149  155  181  187
  194  200  206  212  220  238  254  282  290  302  315  359  384  396
  403  409  416  421  435  447  460  486  493  498  511  518  523  537
  547  549  562  575  587  594  600  606  612  619  625  638  644  651
  664  688  702  714  721  727  734  741  746  753  765  779  790  799
  804  810  816  823  829  843  854  867  893  899  905  912  918  923
  931  943  956  969  974  994 1001 1007 1020 1032 1046 1052 1058 1071
 1096 1109 1121 1128 1134 1153 1160 1172 1186 1198 1211 1223 1230 1236
 1249 1262 1274 1289 1299 1305 1312 1325 1332 1338 1350 1362 1376 1389
 1401 1409 1414 1427 1434 1440 1452 1459 1465 1478 1491 1503 1510 1516
 1522 1529 1541 1549 1555 1561 1567 1580 1604 1612 1618 1631 1644 1652
 1657 1663 1669 1682 1689 1707 1713 1719 1733 1745 1758 1771 1783 1788
 1797 1808 1814 1822 1834 1841 1847 1860 1867 1873 1886 1897 1911 1918
 1923 1936 1949 1962 1969 1974 1987 1993 2001 2012 2024 2038 2045 2051
 2064 2077 2089 2096 2102 2108 2115 2126 2128 2140 2152 2166 2178 2191
 2205 2211 2217 2229 2242 2249 2255 2268 2273 2280 2293 2299 2307 2318
 2324 2331 2338 2344 2356 2363 2367 2376 2384 2391 2395 2403 2412 2421
 2427 2433 2446 2452 2458 2470 2479 2484 2497 2508 2516 2522 2535 2547
 2560 2568 2573 2585 2598 2605 2612 2624 2631 2637 2643 2649 2656 2662
 2681 2688 2700 2714 2717 2726 2738 2746 2752 2764 2776 2783 2789 2802
 2812 2828 2840 2847 2853 2866 2877 2891 2904 2909 2917 2930 2942 2949
 2955 2962 2968 2980 2993 3006 3014 3032 3044 3051 3057 3070 3078 3083
 3089 3094 3096 3108 3115 3121 3133 3140 3146 3159 3170 3183 3191 3197
 3210 3222 3233 3248 3260 3267 3273 3281 3286 3293 3298 3312 3326 3337
 3349 3362 3369 3375 3388 3398 3400 3413 3425 3437 3451 3464 3477 3496
 3502 3515 3529 3540 3553 3559 3566 3577 3585 3592 3598 3604 3617 3631
 3640 3642 3655 3668 3680 3691 3694 3701 3706 3717 3719 3747 3757 3770
 3783 3797 3808 3821 3835 3844 3846 3859 3872 3885 3892 3898 3910 3923
 3932 3943 3948 3960 3967 3973 3980 3986 3999 4004 4011 4024 4038 4048
 4050 4062 4075 4081 4088 4100 4108 4113 4126 4140 4151 4164 4177 4190
 4203 4215 4228 4241 4253 4266 4279 4286 4291 4299 4305 4311 4317 4330
 4343 4355 4368 4380 4393 4404 4412 4419 4432 4439 4457 4462 4470 4476
 4482 4495 4504 4509 4515 4521 4533 4560 4565 4572 4578 4585 4591 4597
 4609 4611 4623 4636 4640 4648 4660 4668 4674 4687 4693 4699 4711 4718
 4723 4725 4737 4763 4770 4776 4782 4788 4795 4801 4814 4820 4827 4839
 4865 4870 4877 4884 4890 4897 4903 4917 4924 4928 4941 4948 4954 4962
 4967 4973 4979 4992 5004 5012 5018 5030 5042 5056 5068 5081 5094 5101
 5106 5119 5126 5132 5145 5170 5177 5183 5196 5202 5208 5221 5228 5234
 5247 5260 5271 5279 5285 5292 5297 5304 5310 5336 5349 5362 5374 5387
 5400 5406 5411 5418 5425 5432 5438 5450 5464 5474 5488 5501 5514 5527
 5533 5540 5552 5559 5565 5578 5590 5603 5610 5616 5629 5635 5641 5654
 5667 5680 5687 5692 5699 5705 5712 5718 5731 5743 5756 5781 5789 5794
 5801 5807 5819 5825 5833 5844 5858 5871 5882 5896 5909 5921 5934 5941
 5947 5959 5973 5985 5997 6004 6010 6017 6023 6032 6037 6042 6049 6061
 6075 6086 6099 6106 6112 6119 6125]
            

times: [0.00000000e+00 2.32199546e-02 4.64399093e-02 ... 1.43499320e+02
 1.43522540e+02 1.43545760e+02]


'onset_strength: [0. 0. 0. ... 0. 0. 0.]