
Music: Post Malone - Congratulations
            
Intro: 27 seconds
            

'beats': [  27   48   69   91  112  134  154  174  195  216  237  258  279  300
  321  342  363  384  405  426  447  470  490  510  529  550  571  592
  613  633  653  675  697  718  740  761  782  803  824  846  867  888
  908  929  950  971  992 1013 1036 1057 1078 1099 1120 1140 1161 1183
 1204 1224 1245 1266 1288 1308 1329 1350 1372 1392 1413 1435 1456 1477
 1497 1518 1540 1561 1580 1598 1618 1636 1655 1676 1697 1718 1739 1760
 1781 1802 1824 1845 1866 1887 1909 1929 1950 1971 1991 2012 2033 2054
 2075 2093 2111 2130 2150 2170 2191 2212 2233 2254 2275 2296 2317 2338
 2359 2380 2401 2422 2443 2464 2485 2504 2526 2547 2568 2590 2612 2633
 2654 2675 2695 2716 2737 2758 2779 2800 2821 2841 2862 2885 2906 2927
 2948 2969 2990 3009 3031 3053 3074 3095 3116 3137 3158 3178 3199 3220
 3241 3262 3283 3304 3325 3346 3368 3389 3409 3431 3451 3472 3493 3514
 3535 3556 3577 3598 3619 3641 3662 3683 3704 3724 3745 3766 3787 3809
 3830 3851 3871 3890 3911 3932 3952 3973 3993 4014 4036 4058 4079 4101
 4122 4144 4165 4186 4207 4228 4248 4269 4290 4310 4330 4350 4372 4395
 4418 4439 4461 4481 4501 4522 4544 4565 4585 4606 4627 4649 4669 4690
 4712 4733 4754 4775 4796 4817 4838 4858 4879 4901 4922 4942 4963 4985
 5006 5027 5048 5069 5090 5111 5132 5153 5174 5195 5216 5237 5257 5279
 5301 5322 5342 5363 5383 5404 5425 5446 5467 5488 5509 5531 5552 5573
 5594 5615 5637 5658 5679 5699 5720 5741 5762 5783 5804 5825 5846 5867
 5887 5909 5930 5951 5972 5992 6015 6035 6056 6077 6098 6119 6140 6161
 6180 6200 6221 6242 6264 6287 6310 6329 6351 6372 6393 6412 6433 6455
 6476 6497 6517 6539 6560 6581 6602 6623 6645 6666 6687 6708 6729 6749
 6771 6791 6812 6833 6854 6875 6897 6918 6939 6960 6980 7002 7023 7044
 7065 7086 7107 7127 7148 7169 7191 7212 7232 7251 7272 7293 7314 7335
 7355 7375 7397 7419 7441 7462 7483 7504 7525 7546 7568 7590 7611 7632
 7653 7674 7695 7716 7737 7758 7779 7800 7822 7843 7863 7884 7906 7926
 7947 7968 7989 8010 8030 8051 8073 8094 8115 8136 8157 8179 8199 8219
 8240 8262 8283 8304 8325 8347 8367 8388 8410 8431 8451 8472 8493 8514
 8535]

bpm_google: 123

bpm_librosa: 123.046875
            

onset_frames: [  12   27   58   80   91  111  134  143  195  202  248  279  363  394
  416  426  436  447  470  478  489  494  500  528  578  612  620  651
  659  664  674  688  696  701  760  774  784  789  822  836  845  858
  943  957  962  988 1004 1010 1015 1046 1057 1077 1121 1129 1139 1151
 1161 1166 1172 1176 1193 1203 1213 1222 1235 1245 1266 1277 1287 1296
 1319 1328 1334 1361 1371 1381 1392 1403 1413 1424 1434 1445 1456 1466
 1476 1487 1493 1502 1508 1512 1521 1529 1539 1550 1560 1571 1581 1597
 1603 1613 1618 1624 1634 1644 1654 1665 1676 1697 1708 1717 1728 1739
 1749 1760 1770 1781 1791 1797 1802 1812 1823 1834 1851 1860 1886 1898
 1908 1910 1917 1939 1970 1983 1991 2003 2009 2017 2025 2054 2066 2075
 2086 2111 2139 2149 2156 2169 2175 2185 2191 2201 2212 2222 2232 2242
 2254 2259 2264 2268 2274 2285 2295 2306 2316 2326 2337 2343 2348 2359
 2369 2380 2390 2401 2411 2416 2422 2432 2438 2442 2448 2452 2463 2470
 2474 2485 2495 2503 2548 2554 2568 2599 2641 2666 2687 2694 2719 2729
 2736 2800 2809 2841 2862 2877 2885 2890 2899 2905 2977 3008 3030 3036
 3053 3061 3067 3074 3094 3116 3125 3136 3142 3149 3157 3167 3177 3189
 3199 3207 3219 3230 3240 3252 3262 3272 3282 3292 3294 3304 3315 3325
 3335 3345 3351 3356 3377 3383 3388 3395 3409 3420 3430 3441 3449 3461
 3472 3482 3493 3499 3504 3510 3514 3523 3530 3535 3556 3571 3576 3588
 3598 3609 3618 3629 3640 3651 3661 3672 3682 3687 3693 3703 3709 3724
 3745 3756 3777 3787 3798 3808 3814 3819 3829 3839 3851 3856 3861 3889
 3939 3973 4013 4020 4025 4035 4049 4057 4067 4121 4135 4144 4150 4183
 4197 4206 4219 4304 4313 4318 4323 4349 4365 4371 4376 4407 4418 4438
 4476 4482 4490 4500 4512 4514 4522 4533 4537 4545 4554 4564 4574 4585
 4596 4606 4626 4628 4638 4648 4658 4680 4689 4696 4722 4732 4743 4753
 4764 4774 4785 4796 4806 4817 4827 4837 4848 4864 4873 4882 4890 4901
 4911 4921 4932 4942 4959 4964 4974 4980 4985 4995 5006 5016 5027 5068
 5079 5090 5100 5110 5121 5132 5142 5153 5163 5174 5180 5184 5195 5202
 5256 5270 5300 5308 5341 5362 5378 5391 5424 5446 5456 5466 5476 5481
 5488 5509 5520 5530 5536 5541 5552 5573 5583 5588 5593 5604 5615 5622
 5625 5636 5642 5646 5657 5664 5686 5689 5694 5699 5704 5709 5715 5730
 5741 5751 5761 5772 5783 5791 5794 5804 5812 5817 5824 5831 5835 5841
 5846 5852 5856 5866 5873 5880 5887 5895 5900 5909 5924 5930 5942 5950
 5956 5964 5972 5985 5991 6007 6015 6028 6048 6062 6071 6077 6081 6118
 6125 6132 6146 6160 6180 6204 6213 6232 6241 6246 6257 6279 6287 6302
 6310 6316 6322 6329 6339 6344 6350 6366 6371 6386 6392 6400 6405 6411
 6427 6433 6444 6455 6463 6470 6482 6498 6504 6511 6520 6539 6550 6554
 6561 6566 6581 6591 6601 6613 6623 6634 6644 6655 6665 6674 6686 6696
 6707 6713 6718 6728 6738 6748 6760 6770 6781 6791 6802 6811 6822 6832
 6840 6844 6854 6865 6871 6875 6886 6896 6907 6912 6917 6928 6938 6949
 6959 6966 6970 6979 6991 7001 7012 7022 7033 7043 7048 7054 7064 7075
 7085 7096 7106 7117 7126 7134 7138 7148 7169 7175 7180 7190 7201 7212
 7217 7222 7250 7300 7334 7374 7381 7387 7397 7402 7411 7419 7428 7482
 7496 7506 7512 7544 7558 7567 7580 7652 7665 7679 7711 7726 7732 7768
 7779 7790 7800 7807 7843 7851 7862 7873 7883 7898 7906 7926 7936 7945
 7957 7967 7989 8000 8009 8019 8041 8051 8057 8067 8083 8094 8104 8115
 8126 8136 8147 8157 8167 8179 8188 8199 8209 8225 8251 8262 8272 8283
 8294 8320 8325 8336 8341 8346 8356 8367 8377 8388 8399 8409 8420 8430
 8440 8451 8462 8472 8482 8493 8504 8514 8520 8525 8535 8545 8556 8561
 8892 8916 8958]
            

times: [0.00000000e+00 2.32199546e-02 4.64399093e-02 ... 2.13577143e+02
 2.13600363e+02 2.13623583e+02]


'onset_strength: [0.         0.         0.         ... 0.8037719  0.6640272  0.55324167]