
Music: Simple Man - Lynyrd Skynyrd
            
Intro: 24 seconds
            

'beats': [   16    39    61    82   104   126   148   169   191   213   234   256
   278   300   322   344   365   387   409   430   451   473   495   516
   537   558   580   602   623   645   667   688   709   731   753   774
   795   817   838   859   881   904   925   946   968   990  1012  1033
  1054  1076  1098  1120  1142  1164  1185  1207  1229  1250  1272  1293
  1312  1330  1348  1370  1391  1410  1428  1447  1468  1489  1511  1533
  1554  1576  1598  1620  1641  1663  1684  1706  1728  1749  1770  1792
  1814  1836  1857  1878  1900  1922  1943  1965  1986  2008  2029  2052
  2074  2095  2116  2138  2159  2181  2202  2224  2245  2267  2289  2311
  2332  2353  2374  2396  2418  2439  2460  2482  2504  2526  2547  2569
  2590  2613  2634  2656  2677  2699  2720  2742  2763  2783  2806  2829
  2851  2873  2894  2917  2939  2961  2983  3005  3027  3048  3069  3091
  3113  3135  3158  3180  3202  3224  3245  3268  3290  3312  3333  3355
  3377  3399  3420  3443  3465  3487  3509  3531  3552  3575  3596  3618
  3640  3662  3684  3706  3728  3749  3771  3792  3815  3836  3857  3879
  3901  3922  3944  3966  3987  4008  4030  4052  4074  4095  4116  4138
  4160  4181  4203  4225  4246  4268  4289  4310  4332  4354  4376  4398
  4419  4441  4462  4484  4505  4526  4548  4570  4591  4614  4635  4657
  4678  4700  4721  4742  4764  4785  4806  4827  4848  4869  4890  4912
  4934  4955  4977  4999  5020  5041  5063  5085  5107  5127  5149  5170
  5191  5212  5233  5256  5277  5298  5320  5342  5363  5385  5406  5429
  5450  5471  5492  5513  5534  5555  5575  5597  5619  5640  5662  5684
  5706  5727  5748  5770  5792  5813  5834  5856  5877  5898  5918  5941
  5963  5983  6005  6027  6049  6070  6092  6114  6135  6156  6177  6198
  6220  6242  6263  6285  6306  6328  6349  6370  6391  6413  6434  6456
  6477  6499  6520  6541  6562  6583  6605  6627  6648  6671  6692  6713
  6735  6757  6778  6800  6821  6843  6864  6886  6907  6929  6950  6972
  6993  7015  7036  7058  7079  7100  7122  7144  7165  7187  7208  7230
  7251  7272  7293  7315  7336  7358  7379  7401  7422  7443  7465  7486
  7507  7529  7550  7571  7593  7613  7635  7656  7678  7699  7720  7742
  7763  7784  7805  7826  7847  7868  7888  7909  7930  7950  7971  7993
  8015  8036  8057  8079  8100  8121  8142  8164  8186  8206  8227  8249
  8270  8290  8311  8333  8355  8376  8397  8419  8441  8462  8483  8505
  8527  8547  8568  8589  8610  8631  8651  8673  8695  8716  8737  8759
  8780  8801  8822  8844  8866  8886  8907  8928  8949  8969  8989  9011
  9033  9053  9074  9095  9117  9138  9159  9180  9201  9222  9242  9263
  9284  9304  9325  9346  9366  9387  9407  9428  9448  9468  9488  9509
  9530  9551  9571  9591  9612  9633  9653  9673  9694  9714  9735  9755
  9776  9796  9817  9838  9858  9878  9898  9917  9937  9957  9977  9998
 10019 10040 10060 10081 10101 10122 10143 10163 10184 10205 10225 10246
 10266 10287 10307 10327 10348 10368 10389 10410 10430 10451 10471 10492
 10512 10532 10552 10572 10592 10612 10633 10654 10674 10695 10715 10735
 10755 10776 10797 10818 10838 10858 10878 10899 10920 10940 10961 10982
 11003 11024 11044 11065 11086 11107 11127 11148 11168 11189 11210 11231
 11251 11271 11293 11314 11335 11356 11377 11398 11419 11440 11461 11482
 11503 11523 11544 11565 11586 11607 11628 11650 11671 11692 11713 11734
 11755 11777 11798 11819 11840 11861 11882 11903 11924 11945 11966 11988
 12009 12030 12051 12072 12093 12114 12135 12157 12177 12198 12220 12241
 12262 12283 12304 12325 12346 12367 12388 12409 12430 12451 12472 12493
 12514 12535 12556 12577 12598 12618 12639 12660 12681 12703 12724 12744
 12765 12786 12807 12828 12849 12869 12890 12911 12931 12952 12972 12994
 13017 13037 13059 13080 13102 13122 13143 13165 13186 13207 13228 13249
 13269 13289 13310 13331 13353 13374 13395 13417 13438 13459 13480 13501
 13522 13543 13564 13585 13606 13626 13646 13668 13690 13711 13732 13753
 13774 13794 13815 13836 13858 13878 13899 13921 13941 13961 13981 14003
 14024 14044 14066 14087 14108 14129 14149 14170 14192 14212 14232 14252
 14272 14292 14313 14334 14356 14376 14397 14419 14441 14461 14482 14503
 14524 14545 14566 14587 14607 14627 14647 14669 14691 14712 14733 14754
 14776 14797 14818 14839 14860 14881 14901 14922 14943 14963]

bpm_google: 121

bpm_librosa: 123.046875
            

onset_frames: [   15    24    27    37    39    49    60    71    82    93   104   114
   126   147   158   168   180   190   202   212   223   235   245   256
   268   278   289   299   310   322   343   355   364   366   375   386
   398   419   430   441   450   461   472   495   505   516   527   536
   546   557   570   591   601   612   623   633   645   656   667   677
   687   698   709   719   731   742   762   775   785   794   805   817
   828   838   848   859   870   881   892   904   915   925   935   946
   957   968   978   990  1001  1012  1022  1033  1043  1053  1064  1075
  1087  1108  1119  1142  1152  1163  1175  1185  1195  1206  1228  1238
  1249  1261  1272  1282  1293  1315  1325  1336  1347  1369  1390  1402
  1412  1419  1424  1446  1456  1467  1489  1500  1511  1532  1543  1554
  1565  1573  1576  1598  1620  1629  1641  1652  1662  1673  1684  1694
  1706  1716  1728  1737  1749  1759  1770  1781  1792  1803  1813  1825
  1835  1845  1856  1878  1889  1899  1910  1922  1943  1955  1965  1976
  1986  2007  2018  2029  2039  2052  2061  2073  2083  2094  2105  2115
  2127  2132  2147  2159  2170  2180  2192  2202  2223  2232  2234  2245
  2255  2266  2288  2300  2310  2331  2352  2362  2373  2384  2396  2406
  2417  2427  2438  2449  2458  2460  2482  2492  2504  2515  2525  2547
  2558  2569  2579  2590  2604  2633  2640  2655  2661  2666  2676  2698
  2708  2720  2730  2741  2751  2762  2773  2783  2795  2806  2850  2873
  2882  2894  2928  2938  2960  2970  2980  3026  3037  3048  3058  3103
  3135  3147  3202  3224  3245  3289  3300  3312  3333  3376  3388  3399
  3409  3419  3453  3465  3475  3485  3487  3497  3506  3509  3531  3552
  3564  3569  3574  3585  3596  3618  3628  3639  3648  3662  3668  3679
  3697  3705  3716  3727  3748  3759  3770  3781  3792  3802  3814  3821
  3824  3835  3841  3856  3879  3889  3900  3922  3932  3943  3965  3975
  3986  3998  4007  4020  4030  4039  4052  4073  4085  4094  4105  4116
  4127  4138  4148  4159  4169  4180  4191  4202  4211  4224  4235  4246
  4268  4278  4289  4310  4320  4332  4342  4351  4354  4364  4375  4407
  4419  4430  4440  4450  4461  4472  4484  4493  4505  4515  4526  4536
  4548  4559  4569  4581  4591  4602  4613  4626  4635  4644  4656  4666
  4677  4688  4700  4721  4730  4737  4742  4752  4764  4773  4784  4805
  4837  4859  4868  4889  4934  4955  4977  5020  5029  5041  5050  5106
  5117  5127  5137  5181  5201  5212  5222  5232  5277  5298  5308  5320
  5363  5384  5405  5449  5470  5480  5523  5534  5544  5555  5575  5619
  5639  5662  5705  5716  5726  5737  5792  5803  5813  5823  5834  5867
  5887  5897  5908  5918  5962  5983  6038  6049  6069  6135  6146  6156
  6165  6209  6231  6241  6252  6263  6285  6295  6305  6318  6327  6337
  6348  6369  6380  6391  6413  6423  6434  6455  6466  6476  6498  6509
  6519  6529  6541  6551  6562  6572  6583  6590  6594  6605  6627  6637
  6648  6671  6680  6691  6713  6723  6734  6757  6766  6772  6778  6787
  6793  6800  6810  6821  6842  6853  6863  6874  6896  6907  6917  6928
  6936  6950  6971  6982  6992  7015  7025  7036  7057  7068  7078  7091
  7099  7111  7122  7144  7154  7165  7187  7197  7207  7218  7240  7250
  7261  7271  7281  7293  7304  7315  7325  7336  7358  7368  7379  7400
  7410  7421  7433  7442  7449  7465  7475  7486  7496  7507  7528  7538
  7549  7559  7581  7592  7602  7613  7624  7635  7655  7667  7677  7688
  7698  7700  7710  7720  7741  7752  7762  7771  7783  7805  7815  7836
  7847  7857  7868  7888  7919  7940  7950  7970  8014  8035  8045  8056
  8100  8121  8141  8185  8206  8216  8227  8259  8279  8290  8310  8355
  8375  8385  8396  8440  8456  8461  8482  8526  8536  8547  8556  8567
  8599  8620  8630  8651  8695  8715  8780  8801  8821  8865  8876  8886
  8895  8906  8938  8958  8969  8979  8988  9033  9053  9074  9117  9137
  9201  9212  9222  9231  9242  9263  9273  9283  9294  9304  9314  9325
  9366  9376  9387  9396  9407  9436  9447  9457  9468  9477  9488  9519
  9530  9539  9551  9560  9571  9602  9612  9623  9633  9642  9653  9683
  9694  9704  9724  9735  9764  9775  9784  9796  9848  9857  9877  9888
  9898  9907  9917  9927  9937  9947  9957  9966  9977  9998 10008 10019
 10029 10040 10048 10059 10089 10101 10122 10131 10142 10173 10184 10204
 10214 10225 10265 10286 10295 10307 10336 10348 10358 10378 10389 10419
 10429 10451 10470 10500 10511 10532 10551 10572 10581 10592 10611 10633
 10662 10673 10682 10695 10703 10715 10744 10755 10766 10776 10785 10796
 10827 10837 10847 10858 10868 10878 10909 10919 10929 10939 10950 10961
 10992 11002 11013 11024 11033 11044 11086 11096 11107 11127 11168 11179
 11189 11198 11209 11240 11251 11260 11271 11281 11293 11324 11334 11356
 11365 11377 11408 11418 11440 11449 11461 11501 11503 11512 11523 11533
 11575 11596 11606 11617 11628 11650 11660 11670 11692 11701 11712 11733
 11744 11754 11765 11777 11792 11797 11809 11819 11829 11839 11860 11871
 11881 11892 11903 11913 11924 11933 11945 11966 11988 11997 12008 12030
 12039 12050 12071 12082 12092 12102 12121 12134 12156 12166 12177 12198
 12209 12219 12229 12251 12261 12271 12282 12291 12303 12325 12335 12345
 12357 12367 12377 12388 12408 12418 12429 12441 12451 12457 12472 12478
 12493 12503 12514 12534 12545 12555 12566 12577 12587 12597 12607 12618
 12639 12659 12671 12681 12692 12702 12713 12724 12744 12754 12765 12775
 12786 12796 12807 12818 12838 12868 12889 12921 12940 12951 12972 13016
 13036 13047 13101 13131 13143 13186 13207 13217 13259 13279 13289 13309
 13353 13374 13395 13438 13453 13458 13522 13542 13553 13596 13606 13616
 13626 13636 13646 13690 13731 13763 13774 13794 13802 13815 13857 13868
 13878 13888 13899 13930 13951 13961 13971 13981 14024 14043 14065 14097
 14108 14128 14149 14181 14201 14211 14231 14262 14283 14291 14302 14312
 14356 14376 14386 14397 14440 14461 14482 14524 14534 14544 14554 14596
 14617 14626 14647 14691 14711 14722 14731 14776 14860 14880 14890 14932
 14953 14962 14983 15028 15048 15070]
            

times: [0.00000000e+00 2.32199546e-02 4.64399093e-02 ... 3.50064036e+02
 3.50087256e+02 3.50110476e+02]


'onset_strength: [0.         0.         0.         ... 0.8606146  0.05172178 0.        ]