
Music: Sorriso Maroto - Sinais
            
Intro: 17 seconds
            

'beats': [   89   108   128   148   168   187   206   225   244   263   282   301
   321   340   360   379   398   418   437   456   476   494   514   533
   552   572   591   610   630   648   668   688   707   726   745   764
   784   803   822   842   861   881   900   919   939   958   978   997
  1016  1034  1055  1074  1093  1112  1131  1150  1169  1189  1208  1228
  1247  1266  1285  1304  1324  1343  1362  1382  1401  1420  1439  1457
  1478  1497  1517  1536  1555  1574  1594  1613  1632  1651  1670  1689
  1709  1728  1747  1766  1786  1806  1825  1844  1864  1883  1902  1922
  1941  1960  1980  1999  2018  2037  2057  2076  2095  2115  2134  2153
  2173  2192  2211  2231  2250  2269  2288  2307  2326  2346  2365  2384
  2404  2423  2442  2461  2480  2500  2519  2538  2558  2577  2596  2615
  2635  2654  2674  2693  2713  2732  2751  2770  2789  2808  2828  2846
  2866  2885  2904  2924  2943  2962  2982  3001  3020  3040  3059  3078
  3098  3117  3136  3155  3174  3194  3213  3232  3252  3271  3291  3310
  3329  3348  3367  3387  3406  3426  3445  3464  3483  3503  3522  3541
  3560  3580  3599  3618  3638  3657  3676  3695  3714  3734  3753  3772
  3792  3810  3830  3849  3869  3888  3907  3927  3946  3965  3984  4004
  4023  4042  4062  4081  4101  4120  4139  4159  4178  4197  4216  4236
  4255  4274  4294  4313  4332  4352  4371  4390  4408  4427  4447  4467
  4486  4505  4524  4544  4564  4583  4602  4621  4640  4659  4678  4698
  4717  4736  4756  4776  4796  4815  4834  4853  4872  4891  4911  4930
  4948  4968  4988  5007  5026  5045  5065  5084  5103  5122  5141  5161
  5180  5199  5219  5238  5257  5276  5296  5315  5335  5354  5374  5392
  5412  5431  5451  5470  5489  5508  5528  5547  5566  5585  5604  5624
  5643  5663  5682  5701  5720  5739  5759  5778  5797  5817  5836  5855
  5874  5893  5912  5931  5951  5970  5989  6008  6027  6047  6067  6086
  6105  6125  6144  6163  6183  6202  6221  6240  6259  6278  6297  6317
  6337  6356  6375  6394  6414  6433  6452  6471  6491  6510  6529  6549
  6568  6587  6606  6625  6645  6664  6684  6703  6722  6741  6761  6780
  6800  6819  6839  6858  6877  6895  6915  6934  6953  6973  6993  7012
  7031  7050  7069  7088  7106  7127  7147  7166  7185  7205  7223  7243
  7262  7282  7301  7320  7339  7359  7378  7398  7417  7436  7456  7475
  7494  7513  7532  7552  7571  7590  7610  7629  7648  7668  7688  7707
  7726  7745  7764  7784  7803  7822  7841  7861  7880  7899  7918  7937
  7957  7976  7995  8014  8034  8053  8072  8091  8110  8129  8148  8168
  8187  8207  8226  8245  8265  8284  8303  8322  8342  8361  8381  8400
  8419  8439  8458  8477  8497  8516  8535  8554  8573  8592  8611  8631
  8650  8670  8689  8708  8728  8748  8767  8786  8805  8825  8844  8863
  8883  8902  8921  8940  8959  8979  8998  9017  9037  9056  9075  9095
  9114  9133  9153  9172  9191  9211  9231  9250  9269  9289  9308  9327
  9346  9366  9385  9405  9424  9443  9462  9482  9501  9521  9540  9559
  9578  9597  9616  9636  9656  9674  9692  9712  9732  9751  9771  9790
  9809  9828  9847  9867  9886  9905  9924  9943  9962  9982 10001 10020
 10040 10059 10078 10097 10116]

bpm_google: 134

bpm_librosa: 135.99917763157896
            

onset_frames: [  107   127   148   158   168   186   206   215   225   234   244   253
   263   273   282   292   311   321   330   339   359   368   378   388
   398   408   417   427   436   447   456   466   475   485   494   513
   523   532   542   551   562   571   581   590   601   610   620   629
   639   647   726   745   755   764   773   783   793   802   813   822
   832   842   851   861   871   878   881   890   900   908   910   919
   928   935   939   947   949   957   967   977   986   993   997  1006
  1015  1025  1033  1044  1054  1064  1074  1081  1083  1091  1093  1100
  1111  1121  1129  1131  1141  1150  1159  1169  1176  1189  1198  1208
  1217  1227  1236  1245  1247  1256  1265  1275  1284  1294  1304  1313
  1324  1333  1342  1352  1361  1370  1372  1379  1381  1390  1400  1409
  1420  1429  1439  1448  1456  1459  1468  1477  1487  1497  1506  1516
  1526  1536  1545  1553  1555  1565  1574  1584  1593  1603  1610  1613
  1622  1631  1641  1651  1660  1670  1679  1689  1698  1706  1708  1718
  1727  1737  1747  1756  1766  1774  1776  1785  1794  1805  1815  1825
  1834  1844  1853  1863  1873  1882  1892  1902  1911  1922  1931  1940
  1950  1960  1969  1979  1989  1998  2007  2017  2027  2036  2046  2056
  2066  2075  2084  2095  2104  2114  2124  2134  2143  2153  2162  2172
  2192  2202  2211  2225  2230  2240  2247  2250  2259  2269  2277  2279
  2288  2297  2307  2316  2325  2335  2345  2365  2375  2379  2384  2394
  2403  2412  2423  2432  2442  2450  2461  2470  2479  2493  2500  2518
  2529  2538  2547  2557  2566  2577  2586  2595  2605  2613  2615  2624
  2634  2645  2654  2673  2683  2691  2693  2702  2712  2721  2731  2739
  2751  2760  2769  2778  2788  2798  2807  2817  2828  2837  2846  2856
  2866  2874  2893  2904  2924  2933  2943  2953  2961  2972  2981  2990
  3000  3010  3020  3029  3039  3046  3049  3059  3068  3077  3087  3098
  3106  3116  3126  3135  3146  3154  3164  3174  3184  3193  3202  3213
  3222  3232  3242  3252  3271  3280  3290  3299  3309  3319  3328  3338
  3348  3356  3366  3377  3386  3396  3406  3416  3425  3435  3444  3454
  3464  3474  3483  3493  3502  3511  3521  3541  3551  3560  3570  3579
  3588  3599  3605  3609  3618  3628  3638  3647  3656  3666  3676  3686
  3695  3704  3713  3715  3724  3734  3742  3752  3762  3772  3781  3791
  3801  3810  3818  3820  3829  3839  3849  3858  3868  3888  3897  3907
  3917  3926  3936  3946  3955  3965  3973  3984  3994  4004  4013  4023
  4033  4042  4062  4072  4081  4091  4100  4110  4119  4128  4138  4158
  4168  4177  4187  4196  4207  4216  4235  4245  4255  4264  4274  4283
  4294  4303  4313  4322  4332  4352  4361  4371  4446  4504  4533  4564
  4602  4658  4660  4688  4707  4718  4727  4736  4756  4767  4775  4785
  4795  4804  4814  4824  4833  4843  4851  4853  4862  4871  4881  4891
  4900  4910  4919  4929  4939  4947  4959  4968  4978  4987  5005  5007
  5016  5026  5035  5045  5054  5065  5073  5083  5093  5103  5111  5122
  5131  5141  5152  5160  5169  5179  5189  5198  5208  5218  5227  5237
  5247  5255  5257  5267  5275  5286  5295  5306  5315  5324  5334  5343
  5354  5364  5373  5380  5392  5401  5411  5421  5426  5431  5441  5450
  5460  5470  5479  5489  5498  5508  5517  5528  5536  5547  5556  5566
  5576  5585  5595  5604  5624  5633  5643  5652  5663  5672  5681  5691
  5700  5709  5719  5729  5739  5753  5758  5768  5777  5787  5796  5803
  5806  5813  5824  5835  5844  5863  5873  5893  5903  5911  5922  5931
  5940  5946  5950  5970  5979  5989  5999  6008  6018  6026  6036  6047
  6057  6067  6076  6085  6096  6105  6115  6134  6144  6153  6163  6173
  6183  6192  6202  6211  6221  6230  6239  6250  6258  6267  6287  6296
  6317  6326  6336  6346  6355  6375  6385  6394  6404  6414  6423  6433
  6442  6453  6462  6470  6480  6491  6500  6509  6529  6538  6548  6558
  6564  6568  6577  6587  6595  6606  6625  6631  6635  6645  6664  6674
  6683  6693  6703  6712  6721  6732  6741  6750  6760  6770  6780  6789
  6800  6809  6817  6819  6838  6857  6867  6876  6886  6895  6903  6914
  6925  6934  6944  6953  6964  6973  6992  7002  7011  7021  7031  7040
  7050  7058  7068  7078  7087  7098  7105  7108  7116  7127  7137  7146
  7155  7165  7175  7185  7195  7204  7213  7223  7243  7252  7262  7282
  7301  7311  7320  7326  7330  7339  7349  7359  7368  7378  7388  7398
  7407  7417  7436  7446  7456  7466  7475  7484  7494  7503  7513  7522
  7532  7551  7561  7570  7581  7590  7600  7609  7618  7629  7638  7648
  7658  7667  7676  7678  7687  7697  7704  7706  7715  7725  7736  7745
  7754  7764  7783  7793  7802  7812  7821  7831  7840  7851  7861  7870
  7880  7888  7899  7909  7918  7937  7947  7957  7967  7976  7985  7995
  8004  8014  8024  8034  8053  8062  8071  8081  8091  8101  8109  8120
  8129  8137  8148  8158  8168  8177  8187  8206  8226  8235  8244  8255
  8265  8283  8293  8303  8312  8322  8331  8342  8351  8360  8371  8380
  8389  8399  8409  8419  8428  8438  8447  8458  8467  8486  8496  8516
  8534  8544  8554  8563  8573  8592  8611  8631  8669  8679  8689  8708
  8727  8737  8748  8755  8766  8786  8795  8805  8815  8824  8834  8844
  8853  8863  8873  8883  8892  8902  8909  8911  8920  8931  8939  8950
  8958  8960  8968  8978  8998  9006  9017  9027  9037  9046  9056  9064
  9074  9084  9094  9104  9114  9133  9153  9161  9172  9182  9191  9201
  9211  9219  9231  9250  9259  9269  9288  9308  9317  9327  9337  9346
  9356  9365  9375  9384  9404  9414  9423  9433  9442  9453  9462  9473
  9481  9489  9491  9501  9510  9519  9521  9529  9539  9549  9559  9567
  9577  9587  9597  9604  9606  9616  9657  9673  9692  9712  9722  9731
  9751  9771  9789  9799  9809  9828  9837  9847  9856  9876  9886  9904
  9924  9943  9952  9962  9972  9982  9991 10000 10010 10030 10039 10058
 10078 10088 10096 10107 10116 10125 10136 10154 10493]
            

times: [0.00000000e+00 2.32199546e-02 4.64399093e-02 ... 2.43693424e+02
 2.43716644e+02 2.43739864e+02]


'onset_strength: [0.         0.         0.         ... 0.20510355 0.14432576 0.12723187]